DW1 technique mastery snapshot #01
domain=MainRAM  range=0x1557C0..0x15582F  frame=5023
format: <addr>: <16 bytes hex>  ||  <16 bytes binary MSB-first>
regions:
  0x001557E0..0x001557E7  partner current stats (Off/Def/Spd/Brn, u16 LE)
  0x001557EC..0x001557ED  TechniqueSlot1 (active-moveset entry 1)
  0x001557F0..0x001557F3  partner MaxHp / MaxMp (u16 LE pair)
  0x00155800..0x00155807  technique mastery bitmap (slots 0..63)

0x1557C0: 00 80 AA FF 10 00 11 00 84 CA 18 80 C4 C7 18 80  ||  00000000 10000000 10101010 11111111 00010000 00000000 00010001 00000000 10000100 11001010 00011000 10000000 11000100 11000111 00011000 10000000
0x1557D0: 11 00 40 01 80 01 00 FF 01 00 00 00 01 01 FF 00  ||  00010001 00000000 01000000 00000001 10000000 00000001 00000000 11111111 00000001 00000000 00000000 00000000 00000001 00000001 11111111 00000000
0x1557E0: E7 03 E7 03 E7 03 E7 03 00 00 00 00 2E FF FF 35  ||  11100111 00000011 11100111 00000011 11100111 00000011 11100111 00000011 00000000 00000000 00000000 00000000 00101110 11111111 11111111 00110101
0x1557F0: 0F 27 0F 27 FB 21 33 21 00 00 00 00 04 00 00 00  ||  00001111 00100111 00001111 00100111 11111011 00100001 00110011 00100001 00000000 00000000 00000000 00000000 00000100 00000000 00000000 00000000
0x155800: 00 10 00 00 00 00 00 00 00 00 00 00 00 00 00 00  ||  00000000 00010000 00000000 00000000 00000000 00000000 00000000 00000000 00000000 00000000 00000000 00000000 00000000 00000000 00000000 00000000
0x155810: 82 60 00 69 6D 6F 6E 00 00 00 00 00 00 00 00 00  ||  10000010 01100000 00000000 01101001 01101101 01101111 01101110 00000000 00000000 00000000 00000000 00000000 00000000 00000000 00000000 00000000
0x155820: 00 00 00 00 03 00 00 00 75 00 00 00 D8 8D 1D 80  ||  00000000 00000000 00000000 00000000 00000011 00000000 00000000 00000000 01110101 00000000 00000000 00000000 11011000 10001101 00011101 10000000
