# dw1_merit_window  domain=System Bus  pc=0x800B44A0  pc_dom=0x800B44A0
# range: 0x800B43A0..0x800B459F (512 bytes)
0x800B43A0: 2A 08 43 00 A0 FF 20 14 21 20 00 00 18 00 BF 8F
0x800B43B0: 14 00 B1 8F 10 00 B0 8F 08 00 E0 03 38 00 BD 27
0x800B43C0: B0 FF BD 27 3C 00 BF AF 38 00 BE AF 34 00 B7 AF
0x800B43D0: 30 00 B6 AF 2C 00 B5 AF 28 00 B4 AF 24 00 B3 AF
0x800B43E0: 20 00 B2 AF 1C 00 B1 AF 9C 93 82 93 18 00 B0 AF
0x800B43F0: 21 88 80 00 21 A0 A0 00 D5 00 40 10 21 A8 C0 00
0x800B4400: 7C 92 82 93 00 00 00 00 73 00 41 2C 04 00 20 14
0x800B4410: 21 18 40 00 78 00 61 2C 0A 00 20 14 00 00 00 00
0x800B4420: 79 00 01 24 07 00 61 10 00 00 00 00 A3 00 01 24
0x800B4430: 04 00 61 10 00 00 00 00 DC 00 01 24 03 00 61 14
0x800B4440: 00 00 00 00 E0 D1 02 0C 00 00 00 00 A4 93 82 8F
0x800B4450: 21 18 80 02 04 00 42 8C 21 98 00 00 44 00 A2 AF
0x800B4460: D8 FF 82 22 48 00 A2 AF 68 01 62 20 4C 00 A2 AF
0x800B4470: 21 10 A0 02 C4 FF BE 22 B2 00 00 10 2C 01 57 20
0x800B4480: 20 00 22 82 FF FF 01 24 00 1C 02 00 03 1C 03 00
0x800B4490: 40 10 03 00 21 10 51 00 06 00 42 84 21 B0 60 00
0x800B44A0: 04 00 41 10 21 20 40 00 FF FF 01 24 03 00 61 14
0x800B44B0: 00 00 00 00 A2 00 00 10 22 00 31 26 FE FF 01 24
0x800B44C0: 82 00 81 10 00 00 00 00 21 00 23 82 01 00 01 24
0x800B44D0: 7E 00 61 10 21 10 60 00 C0 18 04 00 22 18 64 00
0x800B44E0: 40 20 03 00 14 80 03 3C 60 C0 63 24 21 90 64 00
0x800B44F0: 02 00 24 86 0A 00 43 92 21 28 80 00 20 20 83 00
0x800B4500: 48 00 A3 8F 00 00 00 00 2A 08 64 00 10 00 20 10
0x800B4510: 00 00 00 00 4C 00 A3 8F 00 00 00 00 2A 08 A3 00
0x800B4520: 0B 00 20 10 00 00 00 00 04 00 24 86 0B 00 43 92
0x800B4530: 00 00 00 00 20 18 83 00 2A 08 C3 03 04 00 20 10
0x800B4540: 21 28 80 00 2A 08 B7 00 09 00 20 14 00 00 00 00
0x800B4550: 80 00 42 30 06 00 40 14 00 00 00 00 00 00 22 86
0x800B4560: 00 00 00 00 14 00 41 28 3B 00 20 10 00 00 00 00
0x800B4570: 0E 63 02 0C 00 00 00 00 21 80 40 00 E2 4A 02 0C
0x800B4580: 21 20 00 02 0D 00 42 82 04 00 01 24 06 00 41 14
0x800B4590: 21 20 00 02 21 20 00 02 C4 4A 02 0C 21 28 00 00
