DW1 RAM snapshot #01
domain=System Bus  range=0x1BDE00..0x1BE300  frame=360032
format: <addr>: <16 bytes hex>  ||  <16 bytes binary MSB-first>

0x1BDE00: 00 00 00 00 00 00 00 00 00 00 00 00 00 00 00 00  ||  00000000 00000000 00000000 00000000 00000000 00000000 00000000 00000000 00000000 00000000 00000000 00000000 00000000 00000000 00000000 00000000
0x1BDE10: 00 00 00 00 00 00 00 00 00 00 00 00 00 00 00 00  ||  00000000 00000000 00000000 00000000 00000000 00000000 00000000 00000000 00000000 00000000 00000000 00000000 00000000 00000000 00000000 00000000
0x1BDE20: 00 00 00 00 00 00 00 00 00 00 00 00 00 00 00 00  ||  00000000 00000000 00000000 00000000 00000000 00000000 00000000 00000000 00000000 00000000 00000000 00000000 00000000 00000000 00000000 00000000
0x1BDE30: 00 00 00 00 00 00 00 00 00 00 00 00 00 00 00 00  ||  00000000 00000000 00000000 00000000 00000000 00000000 00000000 00000000 00000000 00000000 00000000 00000000 00000000 00000000 00000000 00000000
0x1BDE40: 00 00 00 00 00 00 00 00 00 00 00 00 00 00 00 00  ||  00000000 00000000 00000000 00000000 00000000 00000000 00000000 00000000 00000000 00000000 00000000 00000000 00000000 00000000 00000000 00000000
0x1BDE50: 00 00 00 00 00 00 00 00 00 00 00 00 00 00 00 00  ||  00000000 00000000 00000000 00000000 00000000 00000000 00000000 00000000 00000000 00000000 00000000 00000000 00000000 00000000 00000000 00000000
0x1BDE60: 00 00 00 00 00 00 00 00 00 00 00 00 00 00 00 00  ||  00000000 00000000 00000000 00000000 00000000 00000000 00000000 00000000 00000000 00000000 00000000 00000000 00000000 00000000 00000000 00000000
0x1BDE70: 00 00 00 00 00 00 00 00 00 00 00 00 00 00 00 00  ||  00000000 00000000 00000000 00000000 00000000 00000000 00000000 00000000 00000000 00000000 00000000 00000000 00000000 00000000 00000000 00000000
0x1BDE80: 00 00 00 00 00 00 00 00 00 00 00 00 00 00 00 00  ||  00000000 00000000 00000000 00000000 00000000 00000000 00000000 00000000 00000000 00000000 00000000 00000000 00000000 00000000 00000000 00000000
0x1BDE90: 00 00 00 00 00 00 00 00 00 00 00 00 00 00 00 00  ||  00000000 00000000 00000000 00000000 00000000 00000000 00000000 00000000 00000000 00000000 00000000 00000000 00000000 00000000 00000000 00000000
0x1BDEA0: 00 00 00 00 00 00 00 00 00 00 00 00 00 00 00 00  ||  00000000 00000000 00000000 00000000 00000000 00000000 00000000 00000000 00000000 00000000 00000000 00000000 00000000 00000000 00000000 00000000
0x1BDEB0: 00 00 00 00 00 00 00 00 00 00 00 00 00 00 00 00  ||  00000000 00000000 00000000 00000000 00000000 00000000 00000000 00000000 00000000 00000000 00000000 00000000 00000000 00000000 00000000 00000000
0x1BDEC0: 00 00 00 00 00 00 00 00 00 00 00 00 00 00 00 00  ||  00000000 00000000 00000000 00000000 00000000 00000000 00000000 00000000 00000000 00000000 00000000 00000000 00000000 00000000 00000000 00000000
0x1BDED0: 00 00 00 00 00 00 00 00 03 02 08 01 14 38 00 00  ||  00000000 00000000 00000000 00000000 00000000 00000000 00000000 00000000 00000011 00000010 00001000 00000001 00010100 00111000 00000000 00000000
0x1BDEE0: 00 00 00 00 00 00 00 00 00 00 00 00 00 00 00 00  ||  00000000 00000000 00000000 00000000 00000000 00000000 00000000 00000000 00000000 00000000 00000000 00000000 00000000 00000000 00000000 00000000
0x1BDEF0: 00 00 00 00 00 00 00 00 00 00 00 00 00 00 00 00  ||  00000000 00000000 00000000 00000000 00000000 00000000 00000000 00000000 00000000 00000000 00000000 00000000 00000000 00000000 00000000 00000000
0x1BDF00: 00 00 00 00 00 00 00 00 00 00 00 00 00 00 00 00  ||  00000000 00000000 00000000 00000000 00000000 00000000 00000000 00000000 00000000 00000000 00000000 00000000 00000000 00000000 00000000 00000000
0x1BDF10: 00 00 00 00 00 00 00 00 00 00 00 00 00 00 00 00  ||  00000000 00000000 00000000 00000000 00000000 00000000 00000000 00000000 00000000 00000000 00000000 00000000 00000000 00000000 00000000 00000000
0x1BDF20: 00 00 00 00 00 00 00 00 00 00 00 00 00 00 00 00  ||  00000000 00000000 00000000 00000000 00000000 00000000 00000000 00000000 00000000 00000000 00000000 00000000 00000000 00000000 00000000 00000000
0x1BDF30: 00 00 00 00 00 00 00 00 00 00 00 00 00 00 00 00  ||  00000000 00000000 00000000 00000000 00000000 00000000 00000000 00000000 00000000 00000000 00000000 00000000 00000000 00000000 00000000 00000000
0x1BDF40: 00 00 63 00 00 00 00 00 00 00 00 00 00 00 00 00  ||  00000000 00000000 01100011 00000000 00000000 00000000 00000000 00000000 00000000 00000000 00000000 00000000 00000000 00000000 00000000 00000000
0x1BDF50: 00 00 00 00 00 00 00 00 00 00 00 00 00 00 00 00  ||  00000000 00000000 00000000 00000000 00000000 00000000 00000000 00000000 00000000 00000000 00000000 00000000 00000000 00000000 00000000 00000000
0x1BDF60: 00 00 00 00 00 00 00 00 00 00 00 00 00 00 00 00  ||  00000000 00000000 00000000 00000000 00000000 00000000 00000000 00000000 00000000 00000000 00000000 00000000 00000000 00000000 00000000 00000000
0x1BDF70: 00 00 00 00 01 01 00 01 01 00 01 00 01 01 00 01  ||  00000000 00000000 00000000 00000000 00000001 00000001 00000000 00000001 00000001 00000000 00000001 00000000 00000001 00000001 00000000 00000001
0x1BDF80: 01 01 00 01 00 01 00 01 01 00 00 00 00 00 00 00  ||  00000001 00000001 00000000 00000001 00000000 00000001 00000000 00000001 00000001 00000000 00000000 00000000 00000000 00000000 00000000 00000000
0x1BDF90: 00 00 00 00 00 00 00 00 00 00 00 00 00 00 00 01  ||  00000000 00000000 00000000 00000000 00000000 00000000 00000000 00000000 00000000 00000000 00000000 00000000 00000000 00000000 00000000 00000001
0x1BDFA0: 00 00 00 01 01 01 00 01 01 A5 85 00 00 00 00 00  ||  00000000 00000000 00000000 00000001 00000001 00000001 00000000 00000001 00000001 10100101 10000101 00000000 00000000 00000000 00000000 00000000
0x1BDFB0: 00 00 00 00 00 00 00 00 00 00 00 00 00 00 00 00  ||  00000000 00000000 00000000 00000000 00000000 00000000 00000000 00000000 00000000 00000000 00000000 00000000 00000000 00000000 00000000 00000000
0x1BDFC0: 00 00 00 00 00 00 00 00 00 00 00 00 00 00 00 00  ||  00000000 00000000 00000000 00000000 00000000 00000000 00000000 00000000 00000000 00000000 00000000 00000000 00000000 00000000 00000000 00000000
0x1BDFD0: 00 00 00 48 01 00 08 80 40 81 C0 00 A2 08 00 02  ||  00000000 00000000 00000000 01001000 00000001 00000000 00001000 10000000 01000000 10000001 11000000 00000000 10100010 00001000 00000000 00000010
0x1BDFE0: 00 00 00 00 02 00 28 00 00 00 00 00 00 04 00 00  ||  00000000 00000000 00000000 00000000 00000010 00000000 00101000 00000000 00000000 00000000 00000000 00000000 00000000 00000100 00000000 00000000
0x1BDFF0: 00 00 01 00 00 01 00 00 00 00 00 08 00 00 00 00  ||  00000000 00000000 00000001 00000000 00000000 00000001 00000000 00000000 00000000 00000000 00000000 00001000 00000000 00000000 00000000 00000000
0x1BE000: 00 00 00 00 00 00 00 00 00 00 00 00 00 20 00 00  ||  00000000 00000000 00000000 00000000 00000000 00000000 00000000 00000000 00000000 00000000 00000000 00000000 00000000 00100000 00000000 00000000
0x1BE010: 00 00 00 00 82 B5 39 FF FF FD BF 06 00 01 00 00  ||  00000000 00000000 00000000 00000000 10000010 10110101 00111001 11111111 11111111 11111101 10111111 00000110 00000000 00000001 00000000 00000000
0x1BE020: 00 00 00 00 40 00 00 50 7F FE 9F FF E7 FF 06 00  ||  00000000 00000000 00000000 00000000 01000000 00000000 00000000 01010000 01111111 11111110 10011111 11111111 11100111 11111111 00000110 00000000
0x1BE030: 00 00 42 00 00 00 00 00 00 00 00 1F 00 00 00 00  ||  00000000 00000000 01000010 00000000 00000000 00000000 00000000 00000000 00000000 00000000 00000000 00011111 00000000 00000000 00000000 00000000
0x1BE040: 00 00 02 0A 00 00 00 00 00 00 00 00 00 02 02 05  ||  00000000 00000000 00000010 00001010 00000000 00000000 00000000 00000000 00000000 00000000 00000000 00000000 00000000 00000010 00000010 00000101
0x1BE050: 02 00 00 00 00 00 00 03 00 00 00 03 0C 00 00 00  ||  00000010 00000000 00000000 00000000 00000000 00000000 00000000 00000011 00000000 00000000 00000000 00000011 00001100 00000000 00000000 00000000
0x1BE060: 00 00 00 00 00 00 00 00 00 00 00 00 00 00 00 00  ||  00000000 00000000 00000000 00000000 00000000 00000000 00000000 00000000 00000000 00000000 00000000 00000000 00000000 00000000 00000000 00000000
0x1BE070: 00 00 00 00 00 00 00 00 00 00 00 00 00 00 00 00  ||  00000000 00000000 00000000 00000000 00000000 00000000 00000000 00000000 00000000 00000000 00000000 00000000 00000000 00000000 00000000 00000000
0x1BE080: 00 00 00 00 00 00 00 00 00 00 00 00 00 00 00 00  ||  00000000 00000000 00000000 00000000 00000000 00000000 00000000 00000000 00000000 00000000 00000000 00000000 00000000 00000000 00000000 00000000
0x1BE090: 00 00 00 00 00 25 00 00 05 00 00 02 0F 23 00 0C  ||  00000000 00000000 00000000 00000000 00000000 00100101 00000000 00000000 00000101 00000000 00000000 00000010 00001111 00100011 00000000 00001100
0x1BE0A0: 00 00 00 00 00 00 00 00 00 00 00 FF 00 00 00 00  ||  00000000 00000000 00000000 00000000 00000000 00000000 00000000 00000000 00000000 00000000 00000000 11111111 00000000 00000000 00000000 00000000
0x1BE0B0: 00 00 00 00 00 00 00 00 00 00 00 00 00 00 00 00  ||  00000000 00000000 00000000 00000000 00000000 00000000 00000000 00000000 00000000 00000000 00000000 00000000 00000000 00000000 00000000 00000000
0x1BE0C0: 00 00 00 00 00 00 00 00 00 00 00 00 00 00 00 00  ||  00000000 00000000 00000000 00000000 00000000 00000000 00000000 00000000 00000000 00000000 00000000 00000000 00000000 00000000 00000000 00000000
0x1BE0D0: 00 00 00 00 00 00 00 00 00 00 00 00 00 00 00 00  ||  00000000 00000000 00000000 00000000 00000000 00000000 00000000 00000000 00000000 00000000 00000000 00000000 00000000 00000000 00000000 00000000
0x1BE0E0: 00 00 00 00 00 00 00 00 00 00 00 00 00 00 00 00  ||  00000000 00000000 00000000 00000000 00000000 00000000 00000000 00000000 00000000 00000000 00000000 00000000 00000000 00000000 00000000 00000000
0x1BE0F0: 00 00 00 00 00 00 00 00 00 00 00 00 00 00 00 00  ||  00000000 00000000 00000000 00000000 00000000 00000000 00000000 00000000 00000000 00000000 00000000 00000000 00000000 00000000 00000000 00000000
0x1BE100: 00 00 00 00 00 00 00 00 00 00 00 00 00 00 00 00  ||  00000000 00000000 00000000 00000000 00000000 00000000 00000000 00000000 00000000 00000000 00000000 00000000 00000000 00000000 00000000 00000000
0x1BE110: 00 00 00 00 00 00 00 00 00 00 00 00 00 00 00 00  ||  00000000 00000000 00000000 00000000 00000000 00000000 00000000 00000000 00000000 00000000 00000000 00000000 00000000 00000000 00000000 00000000
0x1BE120: 00 00 00 00 00 00 00 00 2A 1A 00 00 03 FF FF 00  ||  00000000 00000000 00000000 00000000 00000000 00000000 00000000 00000000 00101010 00011010 00000000 00000000 00000011 11111111 11111111 00000000
0x1BE130: 01 00 00 00 00 00 00 00 00 00 04 FF 04 5C 10 80  ||  00000001 00000000 00000000 00000000 00000000 00000000 00000000 00000000 00000000 00000000 00000100 11111111 00000100 01011100 00010000 10000000
0x1BE140: 00 00 03 00 00 00 00 00 00 00 00 00 00 00 00 00  ||  00000000 00000000 00000011 00000000 00000000 00000000 00000000 00000000 00000000 00000000 00000000 00000000 00000000 00000000 00000000 00000000
0x1BE150: 00 00 00 00 00 00 00 00 00 00 00 00 00 00 00 00  ||  00000000 00000000 00000000 00000000 00000000 00000000 00000000 00000000 00000000 00000000 00000000 00000000 00000000 00000000 00000000 00000000
0x1BE160: 00 00 00 00 00 00 00 00 00 00 00 00 00 00 00 00  ||  00000000 00000000 00000000 00000000 00000000 00000000 00000000 00000000 00000000 00000000 00000000 00000000 00000000 00000000 00000000 00000000
0x1BE170: 00 00 00 00 01 07 4A 69 6A 69 6D 6F 6E 01 01 0D  ||  00000000 00000000 00000000 00000000 00000001 00000111 01001010 01101001 01101010 01101001 01101101 01101111 01101110 00000001 00000001 00001101
0x1BE180: 00 4D 65 72 61 6D 6F 6E 21 00 00 00 21 00 00 00  ||  00000000 01001101 01100101 01110010 01100001 01101101 01101111 01101110 00100001 00000000 00000000 00000000 00100001 00000000 00000000 00000000
0x1BE190: 00 00 00 00 00 00 00 00 00 00 00 00 00 00 00 00  ||  00000000 00000000 00000000 00000000 00000000 00000000 00000000 00000000 00000000 00000000 00000000 00000000 00000000 00000000 00000000 00000000
0x1BE1A0: 00 00 00 00 00 00 00 00 00 00 00 00 00 00 00 00  ||  00000000 00000000 00000000 00000000 00000000 00000000 00000000 00000000 00000000 00000000 00000000 00000000 00000000 00000000 00000000 00000000
0x1BE1B0: 00 00 00 00 82 74 82 93 82 89 82 8E 82 87 81 40  ||  00000000 00000000 00000000 00000000 10000010 01110100 10000010 10010011 10000010 10001001 10000010 10001110 10000010 10000111 10000001 01000000
0x1BE1C0: 82 94 82 88 82 81 82 94 81 40 82 8D 82 81 82 83  ||  10000010 10010100 10000010 10001000 10000010 10000001 10000010 10010100 10000001 01000000 10000010 10001101 10000010 10000001 10000010 10000011
0x1BE1D0: 82 88 82 89 82 8E 82 85 81 43 81 40 82 99 82 8F  ||  10000010 10001000 10000010 10001001 10000010 10001110 10000010 10000101 10000001 01000011 10000001 01000000 10000010 10011001 10000010 10001111
0x1BE1E0: 82 95 81 40 82 83 82 81 82 8E 0D 00 81 42 00 00  ||  10000010 10010101 10000001 01000000 10000010 10000011 10000010 10000001 10000010 10001110 00001101 00000000 10000001 01000010 00000000 00000000
0x1BE1F0: 81 42 00 00 82 93 82 81 82 96 82 85 81 40 82 99  ||  10000001 01000010 00000000 00000000 10000010 10010011 10000010 10000001 10000010 10010110 10000010 10000101 10000001 01000000 10000010 10011001
0x1BE200: 82 8F 82 95 82 92 81 40 82 83 82 95 82 92 82 92  ||  10000010 10001111 10000010 10010101 10000010 10010010 10000001 01000000 10000010 10000011 10000010 10010101 10000010 10010010 10000010 10010010
0x1BE210: 82 85 82 8E 82 94 81 40 82 90 82 81 82 92 82 94  ||  10000010 10000101 10000010 10001110 10000010 10010100 10000001 01000000 10000010 10010000 10000010 10000001 10000010 10010010 10000010 10010100
0x1BE220: 82 8E 82 85 82 92 81 75 82 93 0D 00 00 00 00 00  ||  10000010 10001110 10000010 10000101 10000010 10010010 10000001 01110101 10000010 10010011 00001101 00000000 00000000 00000000 00000000 00000000
0x1BE230: 00 00 00 00 82 84 82 81 82 94 82 81 81 40 82 86  ||  00000000 00000000 00000000 00000000 10000010 10000100 10000010 10000001 10000010 10010100 10000010 10000001 10000001 01000000 10000010 10000110
0x1BE240: 82 8F 82 92 81 40 82 82 82 81 82 94 82 94 82 8C  ||  10000010 10001111 10000010 10010010 10000001 01000000 10000010 10000010 10000010 10000001 10000010 10010100 10000010 10010100 10000010 10001100
0x1BE250: 82 85 81 42 00 00 00 00 00 00 00 00 00 00 00 00  ||  10000010 10000101 10000001 01000010 00000000 00000000 00000000 00000000 00000000 00000000 00000000 00000000 00000000 00000000 00000000 00000000
0x1BE260: 00 00 00 00 00 00 00 00 00 00 00 00 00 00 00 00  ||  00000000 00000000 00000000 00000000 00000000 00000000 00000000 00000000 00000000 00000000 00000000 00000000 00000000 00000000 00000000 00000000
0x1BE270: 00 00 00 00 01 07 54 6F 6B 6F 6D 6F 6E 01 01 0D  ||  00000000 00000000 00000000 00000000 00000001 00000111 01010100 01101111 01101011 01101111 01101101 01101111 01101110 00000001 00000001 00001101
0x1BE280: 00 01 01 0D 00 40 82 8A 82 8F 82 89 82 8E 82 93  ||  00000000 00000001 00000001 00001101 00000000 01000000 10000010 10001010 10000010 10001111 10000010 10001001 10000010 10001110 10000010 10010011
0x1BE290: 81 40 82 94 82 88 82 85 81 40 82 83 82 89 82 94  ||  10000001 01000000 10000010 10010100 10000010 10001000 10000010 10000101 10000001 01000000 10000010 10000011 10000010 10001001 10000010 10010100
0x1BE2A0: 82 99 81 49 00 00 00 00 00 00 00 00 00 00 00 00  ||  10000010 10011001 10000001 01001001 00000000 00000000 00000000 00000000 00000000 00000000 00000000 00000000 00000000 00000000 00000000 00000000
0x1BE2B0: 00 00 00 00 82 73 82 88 82 85 81 40 82 83 82 89  ||  00000000 00000000 00000000 00000000 10000010 01110011 10000010 10001000 10000010 10000101 10000001 01000000 10000010 10000011 10000010 10001001
0x1BE2C0: 82 94 82 99 81 75 82 93 81 40 82 93 82 94 82 81  ||  10000010 10010100 10000010 10011001 10000001 01110101 10000010 10010011 10000001 01000000 10000010 10010011 10000010 10010100 10000010 10000001
0x1BE2D0: 82 92 82 94 82 89 82 8E 82 87 81 40 82 94 82 8F  ||  10000010 10010010 10000010 10010100 10000010 10001001 10000010 10001110 10000010 10000111 10000001 01000000 10000010 10010100 10000010 10001111
0x1BE2E0: 0D 00 82 92 82 85 82 93 82 93 0D 00 81 46 0D 00  ||  00001101 00000000 10000010 10010010 10000010 10000101 10000010 10010011 10000010 10010011 00001101 00000000 10000001 01000110 00001101 00000000
0x1BE2F0: 00 00 00 00 82 87 82 92 82 8F 82 97 81 40 82 81  ||  00000000 00000000 00000000 00000000 10000010 10000111 10000010 10010010 10000010 10001111 10000010 10010111 10000001 01000000 10000010 10000001
0x1BE300: 82  ||  10000010
