DW1 MAP_WARPS dump #05
domain=System Bus  frame=87955
screen=0 ((blank))  CURRENT_EXIT=0
MAP_WARPS @ 0x80138730 (0x78 B)

slot  spawnX  spawnY  spawnZ   rot   targetMap                targetExit
----  ------  ------  ------  ----  -----------------------  ----------
[0]       0       0       0     0    0 ((blank)        )      0  <- player entered here
[1]       0       0       0     0    0 ((blank)        )      0
[2]       0       0       0     0    0 ((blank)        )      0
[3]       0       0       0     0    0 ((blank)        )      0
[4]       0       0       0     0    0 ((blank)        )      0
[5]       0       0       0     0    0 ((blank)        )      0
[6]       0       0       0     0    0 ((blank)        )      0
[7]       0       0       0     0    0 ((blank)        )      0
[8]       0       0       0     0    0 ((blank)        )      0
[9]       0       0       0     0    0 ((blank)        )      0

Raw bytes (0x78 B, 16 per line):
  +0x00: 00 00 00 00 00 00 00 00 00 00 00 00 00 00 00 00
  +0x10: 00 00 00 00 00 00 00 00 00 00 00 00 00 00 00 00
  +0x20: 00 00 00 00 00 00 00 00 00 00 00 00 00 00 00 00
  +0x30: 00 00 00 00 00 00 00 00 00 00 00 00 00 00 00 00
  +0x40: 00 00 00 00 00 00 00 00 00 00 00 00 00 00 00 00
  +0x50: 00 00 00 00 00 00 00 00 00 00 00 00 00 00 00 00
  +0x60: 00 00 00 00 00 00 00 00 00 00 00 00 00 00 00 00
  +0x70: 00 00 00 00 00 00 00 00
