=== MARKER 018 at frame 573661 ===
0x1BDF00: 00 00 00 00 00 00 00 00 00 00 00 00 00 00 00 00
0x1BDF10: 00 00 00 00 00 00 00 00 00 00 00 00 00 00 00 00
0x1BDF20: 00 00 00 00 00 00 00 00 00 00 00 00 00 00 00 00
0x1BDF30: 00 00 00 00 00 00 00 00 00 00 00 00 00 00 00 00
0x1BDF40: 00 00 00 00 00 00 00 00 00 00 00 00 00 00 00 00
0x1BDF50: 00 00 00 00 00 00 00 00 00 00 00 00 00 00 00 00
0x1BDF60: 00 00 00 00 00 00 00 00 00 00 00 00 00 00 00 00
0x1BDF70: 00 00 00 00 00 00 00 00 00 00 00 00 00 00 00 00
0x1BDF80: 00 00 00 00 00 00 00 00 00 00 00 00 00 00 00 00
0x1BDF90: 00 00 00 00 00 00 00 00 00 00 00 00 00 00 00 00
0x1BDFA0: 00 00 00 00 00 00 00 00 00 00 00 00 00 00 00 00
0x1BDFB0: 00 00 00 00 00 00 00 00 00 00 00 00 00 00 00 00
0x1BDFC0: 00 00 00 00 00 00 00 00 00 00 00 00 00 00 00 00
0x1BDFD0: 00 00 00 40 00 00 08 00 00 00 00 00 00 00 00 00
0x1BDFE0: 00 00 00 00 00 00 00 00 00 00 00 00 00 00 00 00
0x1BDFF0: 00 00 00 00 00 00 00 00 00 00 00 00 00 00 00 00
0x1BE000: 00 00 00 00 00 00 00 00 00 00 00 00 00 08 00 00
0x1BE010: 00 00 00 00 00 00 00 00 00 00 00 00 00 01 00 00
0x1BE020: 00 00 00 00 00 00 00 00 00 00 00 00 00 00 00 00
0x1BE030: 00 00 00 00 00 00 00 00 00 00 00 00 00 00 00 00
0x1BE040: 00 00 00 00 00 00 00 00 00 00 00 00 00 00 00 00
0x1BE050: 00 00 00 00 00 00 00 00 00 00 00 00 00 00 00 00
0x1BE060: 00 00 00 00 00 00 00 00 00 00 00 00 00 00 00 00
0x1BE070: 00 00 00 00 00 00 00 00 00 00 00 00 00 00 00 00
0x1BE080: 00 00 00 00 00 00 00 00 00 00 00 00 00 00 00 00
0x1BE090: 00 00 00 00 00 00 00 00 03 00 00 00 00 00 00 00
0x1BE0A0: 00 00 00 00 00 00 00 00 00 00 00 00 00 00 00 00
0x1BE0B0: 00 00 00 00 00 00 00 00 00 00 00 00 00 00 00 00
0x1BE0C0: 00 00 00 00 00 00 00 00 00 00 00 00 00 00 00 00
0x1BE0D0: 00 00 00 00 00 00 00 00 00 00 00 00 00 00 00 00
0x1BE0E0: 00 00 00 00 00 00 00 00 00 00 00 00 00 00 00 00
0x1BE0F0: 00 00 00 00 00 00 00 00 00 00 00 00 00 00 00 00
0x1BE100: 00 00 00 00 00 00 00 00 00 00 00 00 00 00 00 00
0x1BE110: 00 00 00 00 00 00 00 00 00 00 00 00 00 00 00 00
0x1BE120: 00 00 00 00 00 00 00 00 00 00 00 00 00 00 00 00
0x1BE130: 00 00 00 00 03 00 00 00 00 00 04 FF 04 5C 10 80
0x1BE140: 00 00 03 00 00 00 00 00 00 00 00 00 00 00 00 00
0x1BE150: 00 00 00 00 00 00 00 00 00 00 00 00 00 00 00 00
0x1BE160: 00 00 00 00 00 00 00 00 00 00 00 00 00 00 00 00
0x1BE170: 00 00 00 00 01 07 4A 69 6A 69 6D 6F 6E 01 01 0D
0x1BE180: 00 8F 82 8E 81 40 01 01 0D 00 00 00 00 00 00 00
0x1BE190: 00 00 00 00 00 00 00 00 00 00 00 00 00 00 00 00
0x1BE1A0: 00 00 00 00 00 00 00 00 00 00 00 00 00 00 00 00
0x1BE1B0: 00 00 00 00 82 65 82 89 82 8E 82 84 81 40 82 94
0x1BE1C0: 82 88 82 85 81 40 82 83 82 81 82 95 82 93 82 85
0x1BE1D0: 81 40 82 8F 82 86 81 40 82 94 82 88 82 89 82 93
0x1BE1E0: 0D 00 81 43 81 40 82 82 82 95 82 94 0D 00 0D 00
0x1BE1F0: 00 00 00 00 82 84 82 81 82 8E 82 87 82 85 82 92

=== MARKER 019 at frame 576765 ===
0x1BDF00: 00 00 00 00 00 00 00 00 00 00 00 00 00 00 00 00
0x1BDF10: 00 00 00 00 00 00 00 00 00 00 00 00 00 00 00 00
0x1BDF20: 00 00 00 00 00 00 00 00 00 00 00 00 00 00 00 00
0x1BDF30: 00 00 00 00 00 00 00 00 00 00 00 00 00 00 00 00
0x1BDF40: 00 00 00 00 00 00 00 00 00 00 00 00 00 00 00 00
0x1BDF50: 00 00 00 00 00 00 00 00 00 00 00 00 00 00 00 00
0x1BDF60: 00 00 00 00 00 00 00 00 00 00 00 00 00 00 00 00
0x1BDF70: 00 00 00 00 00 00 00 00 00 00 00 00 00 00 00 00
0x1BDF80: 00 00 00 00 00 00 00 00 00 00 00 00 00 00 00 00
0x1BDF90: 00 00 00 00 00 00 00 00 00 00 00 00 00 00 00 00
0x1BDFA0: 00 00 00 00 00 00 00 00 00 00 00 00 00 00 00 00
0x1BDFB0: 00 00 00 00 00 00 00 00 00 00 00 00 00 00 00 00
0x1BDFC0: 00 00 00 00 00 00 00 00 00 00 00 00 00 00 00 00
0x1BDFD0: 00 00 00 40 00 00 08 00 00 00 00 00 00 00 00 00
0x1BDFE0: 00 00 00 00 00 00 00 00 00 00 00 00 00 00 00 00
0x1BDFF0: 00 00 00 00 00 00 00 00 00 00 00 00 00 00 00 00
0x1BE000: 00 00 00 00 00 00 00 00 00 00 00 00 00 08 00 00
0x1BE010: 00 00 00 00 00 00 00 00 00 00 00 00 00 01 00 00
0x1BE020: 00 00 00 00 00 00 00 00 00 00 00 00 00 00 00 00
0x1BE030: 00 00 00 00 00 00 00 00 00 00 00 00 00 00 00 00
0x1BE040: 00 00 00 00 00 00 00 00 00 00 00 00 00 00 00 00
0x1BE050: 00 00 00 00 00 00 00 00 00 00 00 00 00 00 00 00
0x1BE060: 00 00 00 00 00 00 00 00 00 00 00 00 00 00 00 00
0x1BE070: 00 00 00 00 00 00 00 00 00 00 00 00 00 00 00 00
0x1BE080: 00 00 00 00 00 00 00 00 00 00 00 00 00 00 00 00
0x1BE090: 00 00 00 00 00 00 00 00 03 00 00 00 00 00 00 00
0x1BE0A0: 00 00 00 00 00 00 00 00 00 00 00 00 00 00 00 00
0x1BE0B0: 00 00 00 00 00 00 00 00 00 00 00 00 00 00 00 00
0x1BE0C0: 00 00 00 00 00 00 00 00 00 00 00 00 00 00 00 00
0x1BE0D0: 00 00 00 00 00 00 00 00 00 00 00 00 00 00 00 00
0x1BE0E0: 00 00 00 00 00 00 00 00 00 00 00 00 00 00 00 00
0x1BE0F0: 00 00 00 00 00 00 00 00 00 00 00 00 00 00 00 00
0x1BE100: 00 00 00 00 00 00 00 00 00 00 00 00 00 00 00 00
0x1BE110: 00 00 00 00 00 00 00 00 00 00 00 00 00 00 00 00
0x1BE120: 00 00 00 00 00 00 00 00 00 00 00 00 00 00 00 00
0x1BE130: 00 00 00 00 03 00 00 00 00 00 04 FF 04 5C 10 80
0x1BE140: 00 00 03 00 00 00 00 00 00 00 00 00 00 00 00 00
0x1BE150: 00 00 00 00 00 00 00 00 00 00 00 00 00 00 00 00
0x1BE160: 00 00 00 00 00 00 00 00 00 00 00 00 00 00 00 00
0x1BE170: 00 00 00 00 01 07 4A 69 6A 69 6D 6F 6E 01 01 0D
0x1BE180: 00 8F 82 8E 81 40 01 01 0D 00 00 00 00 00 00 00
0x1BE190: 00 00 00 00 00 00 00 00 00 00 00 00 00 00 00 00
0x1BE1A0: 00 00 00 00 00 00 00 00 00 00 00 00 00 00 00 00
0x1BE1B0: 00 00 00 00 82 65 82 89 82 8E 82 84 81 40 82 94
0x1BE1C0: 82 88 82 85 81 40 82 83 82 81 82 95 82 93 82 85
0x1BE1D0: 81 40 82 8F 82 86 81 40 82 94 82 88 82 89 82 93
0x1BE1E0: 0D 00 81 43 81 40 82 82 82 95 82 94 0D 00 0D 00
0x1BE1F0: 00 00 00 00 82 84 82 81 82 8E 82 87 82 85 82 92

=== MARKER 020 at frame 581568 ===
0x1BDF00: 00 00 00 00 00 00 00 00 00 00 00 00 00 00 00 00
0x1BDF10: 00 00 00 00 00 00 00 00 00 00 00 00 00 00 00 00
0x1BDF20: 00 00 00 00 00 00 00 00 00 00 00 00 00 00 00 00
0x1BDF30: 00 00 00 00 00 00 00 00 00 00 00 00 00 00 00 00
0x1BDF40: 00 00 00 00 00 00 00 00 00 00 00 00 00 00 00 00
0x1BDF50: 00 00 00 00 00 00 00 00 00 00 00 00 00 00 00 00
0x1BDF60: 00 00 00 00 00 00 00 00 00 00 00 00 00 00 00 00
0x1BDF70: 00 00 00 00 00 00 00 00 00 00 00 00 00 00 00 00
0x1BDF80: 00 00 00 00 00 00 00 00 00 00 00 00 00 00 00 00
0x1BDF90: 00 00 00 00 00 00 00 00 00 00 00 00 00 00 00 00
0x1BDFA0: 00 00 00 00 00 00 00 00 00 00 00 00 00 00 00 00
0x1BDFB0: 00 00 00 00 00 00 00 00 00 00 00 00 00 00 00 00
0x1BDFC0: 00 00 00 00 00 00 00 00 00 00 00 00 00 02 00 00
0x1BDFD0: 00 00 00 40 00 00 08 00 00 00 00 00 00 00 00 00
0x1BDFE0: 00 00 00 00 00 00 00 00 00 00 00 00 00 00 00 00
0x1BDFF0: 00 00 00 00 00 00 00 00 00 00 00 00 00 00 00 00
0x1BE000: 00 00 00 00 00 00 00 00 00 00 00 00 00 08 00 00
0x1BE010: 00 00 00 00 00 00 00 00 00 00 00 00 00 01 00 00
0x1BE020: 00 00 00 00 00 00 00 00 00 00 00 00 00 00 00 00
0x1BE030: 00 03 00 00 00 00 00 00 00 00 00 00 00 00 00 00
0x1BE040: 00 00 00 00 00 00 00 00 00 00 00 00 00 00 00 00
0x1BE050: 00 00 00 00 00 00 00 00 00 00 00 00 00 00 00 00
0x1BE060: 00 00 00 00 00 00 00 00 00 00 00 00 00 00 00 00
0x1BE070: 00 00 00 00 00 00 00 00 00 00 00 00 00 00 00 00
0x1BE080: 00 00 00 00 00 00 00 00 00 00 00 00 00 00 00 00
0x1BE090: 00 00 00 00 00 00 00 00 03 00 00 00 00 00 00 2D
0x1BE0A0: 00 00 00 00 00 00 00 00 00 00 00 00 00 00 00 00
0x1BE0B0: 00 00 00 00 00 00 00 00 00 00 00 00 00 00 00 00
0x1BE0C0: 00 00 00 00 00 00 00 00 00 00 00 00 00 00 00 00
0x1BE0D0: 00 00 00 00 00 00 00 00 00 00 00 00 00 00 00 00
0x1BE0E0: 00 00 00 00 00 00 00 00 00 00 00 00 00 00 00 00
0x1BE0F0: 00 00 00 00 00 00 00 00 00 00 00 00 00 00 00 00
0x1BE100: 00 00 00 00 00 00 00 00 00 00 00 00 00 00 00 00
0x1BE110: 00 00 00 00 00 00 00 00 00 00 00 00 00 00 00 00
0x1BE120: 00 00 00 00 00 00 00 00 00 00 00 01 04 FF FF 00
0x1BE130: 00 00 00 00 04 5C 10 80 00 00 03 00 04 5C 10 80
0x1BE140: 00 00 03 00 00 00 00 00 00 00 00 00 00 00 00 00
0x1BE150: 00 00 00 00 00 00 00 00 00 00 00 00 00 00 00 00
0x1BE160: 00 00 00 00 00 00 00 00 00 00 00 00 00 00 00 00
0x1BE170: 00 00 00 00 01 07 4A 69 6A 69 6D 6F 6E 01 01 0D
0x1BE180: 00 8F 82 8E 81 40 01 01 0D 00 00 00 00 00 00 00
0x1BE190: 00 00 00 00 00 00 00 00 00 00 00 00 00 00 00 00
0x1BE1A0: 00 00 00 00 00 00 00 00 00 00 00 00 00 00 00 00
0x1BE1B0: 00 00 00 00 82 65 82 89 82 8E 82 84 81 40 82 94
0x1BE1C0: 82 88 82 85 81 40 82 83 82 81 82 95 82 93 82 85
0x1BE1D0: 81 40 82 8F 82 86 81 40 82 94 82 88 82 89 82 93
0x1BE1E0: 0D 00 81 43 81 40 82 82 82 95 82 94 0D 00 0D 00
0x1BE1F0: 00 00 00 00 82 84 82 81 82 8E 82 87 82 85 82 92

=== MARKER 021 at frame 582975 ===
0x1BDF00: 00 00 00 00 00 00 00 00 00 00 00 00 00 00 00 00
0x1BDF10: 00 00 00 00 00 00 00 00 00 00 00 00 00 00 00 00
0x1BDF20: 00 00 00 00 00 00 00 00 00 00 00 00 00 00 00 00
0x1BDF30: 00 00 00 00 00 00 00 00 00 00 00 00 00 00 00 00
0x1BDF40: 00 00 00 00 00 00 00 00 00 00 00 00 00 00 00 00
0x1BDF50: 00 00 00 00 00 00 00 00 00 00 00 00 00 00 00 00
0x1BDF60: 00 00 00 00 00 00 00 00 00 00 00 00 00 00 00 00
0x1BDF70: 00 00 00 00 00 00 00 00 00 00 00 00 00 00 00 00
0x1BDF80: 00 00 00 00 00 00 00 00 00 00 00 00 00 00 00 00
0x1BDF90: 00 00 00 00 00 00 00 00 00 00 00 00 00 00 00 00
0x1BDFA0: 00 00 00 00 00 00 00 00 00 00 00 00 00 00 00 00
0x1BDFB0: 00 00 00 00 00 00 00 00 00 00 00 00 00 00 00 00
0x1BDFC0: 00 00 00 00 00 00 00 00 00 00 00 00 00 00 00 00
0x1BDFD0: 00 00 00 40 00 00 08 00 00 00 00 00 00 00 00 00
0x1BDFE0: 00 00 00 00 00 00 08 00 00 00 00 00 00 00 00 00
0x1BDFF0: 00 00 00 00 00 00 00 00 00 00 00 00 00 00 00 00
0x1BE000: 00 00 00 00 00 00 00 00 00 00 00 00 00 08 00 00
0x1BE010: 00 00 00 00 00 00 00 00 00 00 00 00 00 01 00 00
0x1BE020: 00 00 00 00 00 00 00 00 00 00 00 00 00 00 00 00
0x1BE030: 00 00 01 00 00 00 00 00 00 00 00 00 00 00 00 00
0x1BE040: 00 00 00 00 00 00 00 00 00 00 00 00 00 00 00 00
0x1BE050: 00 00 00 00 00 00 00 00 00 00 00 00 00 00 00 00
0x1BE060: 00 00 00 00 00 00 00 00 00 00 00 00 00 00 00 00
0x1BE070: 00 00 00 00 00 00 00 00 00 00 00 00 00 00 00 00
0x1BE080: 00 00 00 00 00 00 00 00 00 00 00 00 00 00 00 00
0x1BE090: 00 00 00 00 00 00 00 00 03 00 00 00 00 00 00 2D
0x1BE0A0: 00 00 00 00 00 00 00 00 00 00 00 00 00 00 00 00
0x1BE0B0: 00 00 00 00 00 00 00 00 00 00 00 00 00 00 00 00
0x1BE0C0: 00 00 00 00 00 00 00 00 00 00 00 00 00 00 00 00
0x1BE0D0: 00 00 00 00 00 00 00 00 00 00 00 00 00 00 00 00
0x1BE0E0: 00 00 00 00 00 00 00 00 00 00 00 00 00 00 00 00
0x1BE0F0: 00 00 00 00 00 00 00 00 00 00 00 00 00 00 00 00
0x1BE100: 00 00 00 00 00 00 00 00 00 00 00 00 00 00 00 00
0x1BE110: 00 00 00 00 00 00 00 00 00 00 00 00 00 00 00 00
0x1BE120: 00 00 00 00 00 00 00 00 00 00 00 00 04 FF FF 00
0x1BE130: 01 00 00 00 04 5C 10 80 00 00 03 00 04 5C 10 80
0x1BE140: 00 00 03 00 00 00 00 00 00 00 00 00 00 00 00 00
0x1BE150: 00 00 00 00 00 00 00 00 00 00 00 00 00 00 00 00
0x1BE160: 00 00 00 00 00 00 00 00 00 00 00 00 00 00 00 00
0x1BE170: 00 00 00 00 01 07 41 67 75 6D 6F 6E 01 01 0D 00
0x1BE180: 00 8F 82 8E 81 40 01 01 0D 00 00 00 00 00 00 00
0x1BE190: 00 00 00 00 00 00 00 00 00 00 00 00 00 00 00 00
0x1BE1A0: 00 00 00 00 00 00 00 00 00 00 00 00 00 00 00 00
0x1BE1B0: 00 00 00 00 82 74 82 88 81 42 81 42 81 42 81 42
0x1BE1C0: 81 42 81 42 00 00 82 94 82 88 82 81 82 94 81 42
0x1BE1D0: 81 42 81 42 82 8F 82 8C 82 84 81 40 82 90 82 8C
0x1BE1E0: 82 81 82 83 82 85 81 48 00 00 82 94 0D 00 0D 00
0x1BE1F0: 00 00 00 00 82 84 82 81 82 8E 82 87 82 85 82 92

=== MARKER 022 at frame 583335 ===
0x1BDF00: 00 00 00 00 00 00 00 00 00 00 00 00 00 00 00 00
0x1BDF10: 00 00 00 00 00 00 00 00 00 00 00 00 00 00 00 00
0x1BDF20: 00 00 00 00 00 00 00 00 00 00 00 00 00 00 00 00
0x1BDF30: 00 00 00 00 00 00 00 00 00 00 00 00 00 00 00 00
0x1BDF40: 00 00 00 00 00 00 00 00 00 00 00 00 00 00 00 00
0x1BDF50: 00 00 00 00 00 00 00 00 00 00 00 00 00 00 00 00
0x1BDF60: 00 00 00 00 00 00 00 00 00 00 00 00 00 00 00 00
0x1BDF70: 00 00 00 00 00 00 00 00 00 00 00 00 00 00 00 00
0x1BDF80: 00 00 00 00 00 00 00 00 00 00 00 00 00 00 00 00
0x1BDF90: 00 00 00 00 00 00 00 00 00 00 00 00 00 00 00 00
0x1BDFA0: 00 00 00 00 00 00 00 00 00 00 00 00 00 00 00 00
0x1BDFB0: 00 00 00 00 00 00 00 00 00 00 00 00 00 00 00 00
0x1BDFC0: 00 00 00 00 00 00 00 00 00 00 00 00 00 00 00 00
0x1BDFD0: 00 00 00 40 00 00 08 00 00 00 00 00 00 00 00 00
0x1BDFE0: 00 00 00 00 00 00 08 00 00 00 00 00 00 00 00 00
0x1BDFF0: 00 00 00 00 00 00 00 00 00 00 00 00 00 00 00 00
0x1BE000: 00 00 00 00 00 00 00 00 00 00 00 00 00 08 00 00
0x1BE010: 00 00 00 00 00 00 00 00 00 00 00 00 00 01 00 00
0x1BE020: 00 00 00 00 00 00 00 00 00 00 00 00 00 00 00 00
0x1BE030: 00 00 01 00 00 00 00 00 00 00 00 00 00 00 00 00
0x1BE040: 00 00 00 00 00 00 00 00 00 00 00 00 00 00 00 00
0x1BE050: 00 00 00 00 00 00 00 00 00 00 00 00 00 00 00 00
0x1BE060: 00 00 00 00 00 00 00 00 00 00 00 00 00 00 00 00
0x1BE070: 00 00 00 00 00 00 00 00 00 00 00 00 00 00 00 00
0x1BE080: 00 00 00 00 00 00 00 00 00 00 00 00 00 00 00 00
0x1BE090: 00 00 00 00 00 00 00 00 03 00 00 00 00 00 00 2D
0x1BE0A0: 00 00 00 00 00 00 00 00 00 00 00 00 00 00 00 00
0x1BE0B0: 00 00 00 00 00 00 00 00 00 00 00 00 00 00 00 00
0x1BE0C0: 00 00 00 00 00 00 00 00 00 00 00 00 00 00 00 00
0x1BE0D0: 00 00 00 00 00 00 00 00 00 00 00 00 00 00 00 00
0x1BE0E0: 00 00 00 00 00 00 00 00 00 00 00 00 00 00 00 00
0x1BE0F0: 00 00 00 00 00 00 00 00 00 00 00 00 00 00 00 00
0x1BE100: 00 00 00 00 00 00 00 00 00 00 00 00 00 00 00 00
0x1BE110: 00 00 00 00 00 00 00 00 00 00 00 00 00 00 00 00
0x1BE120: 00 00 00 00 00 00 00 00 00 00 00 00 04 FF FF 00
0x1BE130: 01 00 00 00 04 5C 10 80 00 00 03 00 04 5C 10 80
0x1BE140: 00 00 03 00 00 00 00 00 00 00 00 00 00 00 00 00
0x1BE150: 00 00 00 00 00 00 00 00 00 00 00 00 00 00 00 00
0x1BE160: 00 00 00 00 00 00 00 00 00 00 00 00 00 00 00 00
0x1BE170: 00 00 00 00 01 07 41 67 75 6D 6F 6E 01 01 0D 00
0x1BE180: 00 8F 82 8E 81 40 01 01 0D 00 00 00 00 00 00 00
0x1BE190: 00 00 00 00 00 00 00 00 00 00 00 00 00 00 00 00
0x1BE1A0: 00 00 00 00 00 00 00 00 00 00 00 00 00 00 00 00
0x1BE1B0: 00 00 00 00 82 74 82 88 81 42 81 42 81 42 81 42
0x1BE1C0: 81 42 81 42 00 00 82 94 82 88 82 81 82 94 81 42
0x1BE1D0: 81 42 81 42 82 8F 82 8C 82 84 81 40 82 90 82 8C
0x1BE1E0: 82 81 82 83 82 85 81 48 00 00 82 94 0D 00 0D 00
0x1BE1F0: 00 00 00 00 82 84 82 81 82 8E 82 87 82 85 82 92

=== MARKER 023 at frame 584118 ===
0x1BDF00: 00 00 00 00 00 00 00 00 00 00 00 00 00 00 00 00
0x1BDF10: 00 00 00 00 00 00 00 00 00 00 00 00 00 00 00 00
0x1BDF20: 00 00 00 00 00 00 00 00 00 00 00 00 00 00 00 00
0x1BDF30: 00 00 00 00 00 00 00 00 00 00 00 00 00 00 00 00
0x1BDF40: 00 00 00 00 00 00 00 00 00 00 00 00 00 00 00 00
0x1BDF50: 00 00 00 00 00 00 00 00 00 00 00 00 00 00 00 00
0x1BDF60: 00 00 00 00 00 00 00 00 00 00 00 00 00 00 00 00
0x1BDF70: 00 00 00 00 00 00 00 00 00 00 00 00 00 00 00 00
0x1BDF80: 00 00 00 00 00 00 00 00 00 00 00 00 00 00 00 00
0x1BDF90: 00 00 00 00 00 00 00 00 00 00 00 00 00 00 00 00
0x1BDFA0: 00 00 00 00 00 00 00 00 00 00 00 00 00 00 00 00
0x1BDFB0: 00 00 00 00 00 00 00 00 00 00 00 00 00 00 00 00
0x1BDFC0: 00 00 00 00 00 00 00 00 00 00 00 00 00 00 00 00
0x1BDFD0: 00 00 00 40 00 00 08 00 00 00 00 00 00 00 00 00
0x1BDFE0: 00 00 00 00 00 00 08 00 00 00 00 00 00 00 00 00
0x1BDFF0: 00 00 00 00 00 00 00 00 00 00 00 00 00 00 00 00
0x1BE000: 00 00 00 00 00 00 00 00 00 00 00 00 00 08 00 00
0x1BE010: 00 00 00 00 00 00 00 00 00 00 00 00 00 01 00 00
0x1BE020: 00 00 00 00 00 00 00 00 00 00 00 00 00 00 00 00
0x1BE030: 00 00 01 00 00 00 00 00 00 00 00 00 00 00 00 00
0x1BE040: 00 00 00 00 00 00 00 00 00 00 00 00 00 00 00 00
0x1BE050: 00 00 00 00 00 00 00 00 00 00 00 00 00 00 00 00
0x1BE060: 00 00 00 00 00 00 00 00 00 00 00 00 00 00 00 00
0x1BE070: 00 00 00 00 00 00 00 00 00 00 00 00 00 00 00 00
0x1BE080: 00 00 00 00 00 00 00 00 00 00 00 00 00 00 00 00
0x1BE090: 00 00 00 00 00 00 00 00 03 00 00 00 00 00 00 22
0x1BE0A0: 00 00 00 00 00 00 00 00 00 00 00 00 00 00 00 00
0x1BE0B0: 00 00 00 00 00 00 00 00 00 00 00 00 00 00 00 00
0x1BE0C0: 00 00 00 00 00 00 00 00 00 00 00 00 00 00 00 00
0x1BE0D0: 00 00 00 00 00 00 00 00 00 00 00 00 00 00 00 00
0x1BE0E0: 00 00 00 00 00 00 00 00 00 00 00 00 00 00 00 00
0x1BE0F0: 00 00 00 00 00 00 00 00 00 00 00 00 00 00 00 00
0x1BE100: 00 00 00 00 00 00 00 00 00 00 00 00 00 00 00 00
0x1BE110: 00 00 00 00 00 00 00 00 00 00 00 00 00 00 00 00
0x1BE120: 00 00 00 00 00 00 00 00 00 00 00 00 04 FF FF 00
0x1BE130: 01 00 00 00 03 00 00 00 00 00 04 FF 04 5C 10 80
0x1BE140: 00 00 03 00 00 00 00 00 00 00 00 00 00 00 00 00
0x1BE150: 00 00 00 00 00 00 00 00 00 00 00 00 00 00 00 00
0x1BE160: 00 00 00 00 00 00 00 00 00 00 00 00 00 00 00 00
0x1BE170: 00 00 00 00 01 07 41 67 75 6D 6F 6E 01 01 0D 00
0x1BE180: 00 8F 82 8E 81 40 01 01 0D 00 00 00 00 00 00 00
0x1BE190: 00 00 00 00 00 00 00 00 00 00 00 00 00 00 00 00
0x1BE1A0: 00 00 00 00 00 00 00 00 00 00 00 00 00 00 00 00
0x1BE1B0: 00 00 00 00 82 74 82 88 81 42 81 42 81 42 81 42
0x1BE1C0: 81 42 81 42 00 00 82 94 82 88 82 81 82 94 81 42
0x1BE1D0: 81 42 81 42 82 8F 82 8C 82 84 81 40 82 90 82 8C
0x1BE1E0: 82 81 82 83 82 85 81 48 00 00 82 94 0D 00 0D 00
0x1BE1F0: 00 00 00 00 82 84 82 81 82 8E 82 87 82 85 82 92

=== MARKER 024 at frame 585414 ===
0x1BDF00: 00 00 00 00 00 00 00 00 00 00 00 00 00 00 00 00
0x1BDF10: 00 00 00 00 00 00 00 00 00 00 00 00 00 00 00 00
0x1BDF20: 00 00 00 00 00 00 00 00 00 00 00 00 00 00 00 00
0x1BDF30: 00 00 00 00 00 00 00 00 00 00 00 00 00 00 00 00
0x1BDF40: 00 00 00 00 00 00 00 00 00 00 00 00 00 00 00 00
0x1BDF50: 00 00 00 00 00 00 00 00 00 00 00 00 00 00 00 00
0x1BDF60: 00 00 00 00 00 00 00 00 00 00 00 00 00 00 00 00
0x1BDF70: 00 00 00 00 00 00 00 00 00 00 00 00 00 00 00 00
0x1BDF80: 00 00 00 00 00 00 00 00 00 00 00 00 00 00 00 00
0x1BDF90: 00 00 00 00 00 00 00 00 00 00 00 00 00 00 00 00
0x1BDFA0: 00 00 00 00 00 00 00 00 00 00 00 00 00 00 00 00
0x1BDFB0: 00 00 00 00 00 00 00 00 00 00 00 00 00 00 00 00
0x1BDFC0: 00 00 00 00 00 00 00 00 00 00 00 00 00 00 00 00
0x1BDFD0: 00 00 00 40 00 00 08 00 00 00 00 00 00 00 00 00
0x1BDFE0: 00 00 00 00 00 00 08 00 00 00 00 00 00 00 00 00
0x1BDFF0: 00 00 00 00 00 00 00 00 00 00 00 00 00 00 00 00
0x1BE000: 00 00 00 00 00 00 00 00 00 00 00 00 00 08 00 00
0x1BE010: 00 00 00 00 00 00 00 00 00 00 00 00 00 01 00 00
0x1BE020: 00 00 00 00 00 00 00 00 00 00 00 00 00 00 00 00
0x1BE030: 00 00 01 00 00 00 00 00 00 00 00 00 00 00 00 00
0x1BE040: 00 00 00 00 00 00 00 00 00 00 00 00 00 00 00 00
0x1BE050: 00 00 00 00 00 00 00 00 00 00 00 00 00 00 00 00
0x1BE060: 00 00 00 00 00 00 00 00 00 00 00 00 00 00 00 00
0x1BE070: 00 00 00 00 00 00 00 00 00 00 00 00 00 00 00 00
0x1BE080: 00 00 00 00 00 00 00 00 00 00 00 00 00 00 00 00
0x1BE090: 00 00 00 00 00 00 00 00 03 00 00 00 09 1E 00 11
0x1BE0A0: 00 00 00 00 00 00 00 00 00 00 00 00 00 00 00 00
0x1BE0B0: 00 00 00 00 00 00 00 00 00 00 00 00 00 00 00 00
0x1BE0C0: 00 00 00 00 00 00 00 00 00 00 00 00 00 00 00 00
0x1BE0D0: 00 00 00 00 00 00 00 00 00 00 00 00 00 00 00 00
0x1BE0E0: 00 00 00 00 00 00 00 00 00 00 00 00 00 00 00 00
0x1BE0F0: 00 00 00 00 00 00 00 00 00 00 00 00 00 00 00 00
0x1BE100: 00 00 00 00 00 00 00 00 00 00 00 00 00 00 00 00
0x1BE110: 00 00 00 00 00 00 00 00 00 00 00 00 00 00 00 00
0x1BE120: 00 00 00 00 00 00 00 00 00 00 00 00 04 FF FF 00
0x1BE130: 01 00 00 00 04 5C 10 80 00 00 03 00 04 5C 10 80
0x1BE140: 00 00 03 00 00 00 00 00 00 00 00 00 00 00 00 00
0x1BE150: 00 00 00 00 00 00 00 00 00 00 00 00 00 00 00 00
0x1BE160: 00 00 00 00 00 00 00 00 00 00 00 00 00 00 00 00
0x1BE170: 00 00 00 00 01 07 41 67 75 6D 6F 6E 01 01 0D 00
0x1BE180: 00 8F 82 8E 81 40 01 01 0D 00 00 00 00 00 00 00
0x1BE190: 00 00 00 00 00 00 00 00 00 00 00 00 00 00 00 00
0x1BE1A0: 00 00 00 00 00 00 00 00 00 00 00 00 00 00 00 00
0x1BE1B0: 00 00 00 00 82 74 82 88 81 42 81 42 81 42 81 42
0x1BE1C0: 81 42 81 42 00 00 82 94 82 88 82 81 82 94 81 42
0x1BE1D0: 81 42 81 42 82 8F 82 8C 82 84 81 40 82 90 82 8C
0x1BE1E0: 82 81 82 83 82 85 81 48 00 00 82 94 0D 00 0D 00
0x1BE1F0: 00 00 00 00 82 84 82 81 82 8E 82 87 82 85 82 92

=== MARKER 025 at frame 588718 ===
0x1BDF00: 00 00 00 00 00 00 00 00 00 00 00 00 00 00 00 00
0x1BDF10: 00 00 00 00 00 00 00 00 00 00 00 00 00 00 00 00
0x1BDF20: 00 00 00 00 00 00 00 00 00 00 00 00 00 00 00 00
0x1BDF30: 00 00 00 00 00 00 00 00 00 00 00 00 00 00 00 00
0x1BDF40: 00 00 00 00 00 00 00 00 00 00 00 00 00 00 00 00
0x1BDF50: 00 00 00 00 00 00 00 00 00 00 00 00 00 00 00 00
0x1BDF60: 00 00 00 00 00 00 00 00 00 00 00 00 00 00 00 00
0x1BDF70: 00 00 00 00 00 00 00 00 00 00 00 00 00 00 00 00
0x1BDF80: 00 00 00 00 00 00 00 00 00 00 00 00 00 00 00 00
0x1BDF90: 00 00 00 00 00 00 00 00 00 00 00 00 00 00 00 00
0x1BDFA0: 00 00 00 00 00 00 00 00 00 00 00 00 00 00 00 00
0x1BDFB0: 00 00 00 00 00 00 00 00 00 00 00 00 00 00 00 00
0x1BDFC0: 00 00 00 00 00 00 00 00 00 00 00 00 00 00 00 00
0x1BDFD0: 00 00 00 40 00 00 0C 00 00 00 00 00 00 00 00 00
0x1BDFE0: 00 00 00 00 00 00 08 00 00 00 00 00 00 00 00 00
0x1BDFF0: 00 00 00 00 00 00 00 00 00 00 00 00 00 00 00 00
0x1BE000: 00 00 00 00 00 00 00 00 00 00 00 00 00 08 00 00
0x1BE010: 00 00 00 00 00 00 00 00 00 00 00 00 00 01 00 00
0x1BE020: 00 00 00 00 00 00 00 00 00 00 00 00 00 00 00 00
0x1BE030: 00 00 01 00 00 00 00 00 00 00 00 00 00 00 00 00
0x1BE040: 00 00 00 00 00 00 00 00 00 00 00 00 00 00 00 00
0x1BE050: 00 00 00 00 00 00 00 00 00 00 00 01 00 00 00 00
0x1BE060: 00 00 00 00 00 00 00 00 00 00 00 00 00 00 00 00
0x1BE070: 00 00 00 00 00 00 00 00 00 00 00 00 00 00 00 00
0x1BE080: 00 00 00 00 00 00 00 00 00 00 00 00 00 00 00 00
0x1BE090: 00 00 00 00 00 00 00 00 03 00 00 00 09 38 00 02
0x1BE0A0: 00 00 00 00 00 00 00 00 00 00 00 00 00 00 00 00
0x1BE0B0: 00 00 00 00 00 00 00 00 00 00 00 00 00 00 00 00
0x1BE0C0: 00 00 00 00 00 00 00 00 00 00 00 00 00 00 00 00
0x1BE0D0: 00 00 00 00 00 00 00 00 00 00 00 00 00 00 00 00
0x1BE0E0: 00 00 00 00 00 00 00 00 00 00 00 00 00 00 00 00
0x1BE0F0: 00 00 00 00 00 00 00 00 00 00 00 00 00 00 00 00
0x1BE100: 00 00 00 00 00 00 00 00 00 00 00 00 00 00 00 00
0x1BE110: 00 00 00 00 00 00 00 00 00 00 00 00 00 00 00 00
0x1BE120: 00 00 00 00 00 00 00 00 00 00 00 00 04 FF FF 00
0x1BE130: 01 00 00 00 03 00 00 00 00 00 04 FF 04 5C 10 80
0x1BE140: 44 57 03 80 00 00 00 00 00 00 00 00 00 00 00 00
0x1BE150: 00 00 00 00 00 00 00 00 00 00 00 00 00 00 00 00
0x1BE160: 00 00 00 00 00 00 00 00 00 00 00 00 00 00 00 00
0x1BE170: 00 00 00 00 01 07 54 61 6E 65 6D 6F 6E 01 01 0D
0x1BE180: 00 8F 82 8E 81 40 01 01 0D 00 00 00 00 00 00 00
0x1BE190: 00 00 00 00 00 00 00 00 00 00 00 00 00 00 00 00
0x1BE1A0: 00 00 00 00 00 00 00 00 00 00 00 00 00 00 00 00
0x1BE1B0: 00 00 00 00 82 67 82 85 82 92 82 85 81 75 82 93
0x1BE1C0: 81 40 82 99 82 8F 82 95 82 92 81 40 82 6C 82 85
0x1BE1D0: 82 81 82 94 81 40 82 86 82 8F 82 92 81 40 82 94
0x1BE1E0: 82 8F 82 84 82 81 82 99 81 42 00 00 0D 00 0D 00
0x1BE1F0: 00 00 00 00 82 81 82 8E 82 99 82 94 82 88 82 89

=== MARKER 026 at frame 589180 ===
0x1BDF00: 00 00 00 00 00 00 00 00 00 00 00 00 00 00 00 00
0x1BDF10: 00 00 00 00 00 00 00 00 00 00 00 00 00 00 00 00
0x1BDF20: 00 00 00 00 00 00 00 00 00 00 00 00 00 00 00 00
0x1BDF30: 00 00 00 00 00 00 00 00 00 00 00 00 00 00 00 00
0x1BDF40: 00 00 00 00 00 00 00 00 00 00 00 00 00 00 00 00
0x1BDF50: 00 00 00 00 00 00 00 00 00 00 00 00 00 00 00 00
0x1BDF60: 00 00 00 00 00 00 00 00 00 00 00 00 00 00 00 00
0x1BDF70: 00 00 00 00 00 00 00 00 00 00 00 00 00 00 00 00
0x1BDF80: 00 00 00 00 00 00 00 00 00 00 00 00 00 00 00 00
0x1BDF90: 00 00 00 00 00 00 00 00 00 00 00 00 00 00 00 00
0x1BDFA0: 00 00 00 00 00 00 00 00 00 00 00 00 00 00 00 00
0x1BDFB0: 00 00 00 00 00 00 00 00 00 00 00 00 00 00 00 00
0x1BDFC0: 00 00 00 00 00 00 00 00 00 00 00 00 00 00 00 00
0x1BDFD0: 00 00 00 40 00 00 0C 00 00 00 00 00 00 00 00 00
0x1BDFE0: 00 00 00 00 00 00 08 00 00 00 00 00 00 00 00 00
0x1BDFF0: 00 00 00 00 00 00 00 00 00 00 00 00 00 00 00 00
0x1BE000: 00 00 00 00 00 00 00 00 00 00 00 00 00 08 00 00
0x1BE010: 00 00 00 00 00 00 00 00 00 00 00 00 00 01 00 00
0x1BE020: 00 00 00 00 00 00 00 00 00 00 00 00 00 00 00 00
0x1BE030: 00 00 01 00 00 00 00 00 00 00 00 00 00 00 00 00
0x1BE040: 00 00 00 00 00 00 00 00 00 00 00 00 00 00 00 00
0x1BE050: 00 00 00 00 00 00 00 00 00 00 00 01 00 00 00 00
0x1BE060: 00 00 00 00 00 00 00 00 00 00 00 00 00 00 00 00
0x1BE070: 00 00 00 00 00 00 00 00 00 00 00 00 00 00 00 00
0x1BE080: 00 00 00 00 00 00 00 00 00 00 00 00 00 00 00 00
0x1BE090: 00 00 00 00 00 00 00 00 03 00 00 00 09 38 00 02
0x1BE0A0: 00 00 00 00 00 00 00 00 00 00 00 00 00 00 00 00
0x1BE0B0: 00 00 00 00 00 00 00 00 00 00 00 00 00 00 00 00
0x1BE0C0: 00 00 00 00 00 00 00 00 00 00 00 00 00 00 00 00
0x1BE0D0: 00 00 00 00 00 00 00 00 00 00 00 00 00 00 00 00
0x1BE0E0: 00 00 00 00 00 00 00 00 00 00 00 00 00 00 00 00
0x1BE0F0: 00 00 00 00 00 00 00 00 00 00 00 00 00 00 00 00
0x1BE100: 00 00 00 00 00 00 00 00 00 00 00 00 00 00 00 00
0x1BE110: 00 00 00 00 00 00 00 00 00 00 00 00 00 00 00 00
0x1BE120: 00 00 00 00 00 00 00 00 00 00 00 00 04 FF FF 00
0x1BE130: 01 00 00 00 03 00 00 00 00 00 04 FF 04 5C 10 80
0x1BE140: 44 57 03 80 00 00 00 00 00 00 00 00 00 00 00 00
0x1BE150: 00 00 00 00 00 00 00 00 00 00 00 00 00 00 00 00
0x1BE160: 00 00 00 00 00 00 00 00 00 00 00 00 00 00 00 00
0x1BE170: 00 00 00 00 01 07 54 61 6E 65 6D 6F 6E 01 01 0D
0x1BE180: 00 8F 82 8E 81 40 01 01 0D 00 00 00 00 00 00 00
0x1BE190: 00 00 00 00 00 00 00 00 00 00 00 00 00 00 00 00
0x1BE1A0: 00 00 00 00 00 00 00 00 00 00 00 00 00 00 00 00
0x1BE1B0: 00 00 00 00 82 67 82 85 82 92 82 85 81 75 82 93
0x1BE1C0: 81 40 82 99 82 8F 82 95 82 92 81 40 82 6C 82 85
0x1BE1D0: 82 81 82 94 81 40 82 86 82 8F 82 92 81 40 82 94
0x1BE1E0: 82 8F 82 84 82 81 82 99 81 42 00 00 0D 00 0D 00
0x1BE1F0: 00 00 00 00 82 81 82 8E 82 99 82 94 82 88 82 89

=== MARKER 027 at frame 595188 ===
0x1BDF00: 00 00 00 00 00 00 00 00 00 00 00 00 00 00 00 00
0x1BDF10: 00 00 00 00 00 00 00 00 00 00 00 00 00 00 00 00
0x1BDF20: 00 00 00 00 00 00 00 00 00 00 00 00 00 00 00 00
0x1BDF30: 00 00 00 00 00 00 00 00 00 00 00 00 00 00 00 00
0x1BDF40: 00 00 00 00 00 00 00 00 00 00 00 00 00 00 00 00
0x1BDF50: 00 00 00 00 00 00 00 00 00 00 00 00 00 00 00 00
0x1BDF60: 00 00 00 00 00 00 00 00 00 00 00 00 00 00 00 00
0x1BDF70: 00 00 00 00 00 00 00 00 00 00 00 00 00 00 00 00
0x1BDF80: 00 00 00 00 00 00 00 00 00 00 00 00 00 00 00 00
0x1BDF90: 00 00 00 00 00 00 00 00 00 00 00 00 00 00 00 00
0x1BDFA0: 00 00 00 00 00 00 00 00 00 00 00 00 00 00 00 00
0x1BDFB0: 00 00 00 00 00 00 00 00 00 00 00 00 00 00 00 00
0x1BDFC0: 00 00 00 00 00 00 00 00 00 00 00 00 00 00 00 00
0x1BDFD0: 00 00 00 40 00 00 0C 00 00 00 00 00 00 00 00 00
0x1BDFE0: 00 00 00 00 00 00 08 00 00 00 00 00 00 00 00 00
0x1BDFF0: 08 00 00 00 00 00 00 00 00 00 00 00 00 00 00 00
0x1BE000: 00 00 00 00 00 00 00 00 00 00 00 00 00 08 00 00
0x1BE010: 00 00 00 00 00 00 00 00 00 00 00 00 00 01 00 00
0x1BE020: 00 00 00 00 00 00 00 00 00 00 00 00 00 00 00 00
0x1BE030: 00 00 01 00 00 00 00 00 00 00 00 00 00 00 00 00
0x1BE040: 00 00 00 00 00 00 00 00 00 00 00 00 00 00 00 00
0x1BE050: 00 00 00 00 00 00 00 00 00 00 00 01 00 00 00 00
0x1BE060: 00 00 00 00 00 00 00 00 00 00 00 00 00 00 00 00
0x1BE070: 00 00 00 00 00 00 00 00 00 00 00 00 00 00 00 00
0x1BE080: 00 00 00 00 00 00 00 00 00 00 00 00 00 00 00 00
0x1BE090: 00 00 00 00 00 00 00 00 03 00 00 00 0A 17 00 14
0x1BE0A0: 00 00 00 00 00 00 00 00 00 00 00 00 00 00 00 00
0x1BE0B0: 00 00 00 00 00 00 00 00 00 00 00 00 00 00 00 00
0x1BE0C0: 00 00 00 00 00 00 00 00 00 00 00 00 00 00 00 00
0x1BE0D0: 00 00 00 00 00 00 00 00 00 00 00 00 00 00 00 00
0x1BE0E0: 00 00 00 00 00 00 00 00 00 00 00 00 00 00 00 00
0x1BE0F0: 00 00 00 00 00 00 00 00 00 00 00 00 00 00 00 00
0x1BE100: 00 00 00 00 00 00 00 00 00 00 00 00 00 00 00 00
0x1BE110: 00 00 00 00 00 00 00 00 00 00 00 00 00 00 00 00
0x1BE120: 00 00 00 00 00 00 00 00 00 00 00 00 04 FF FF 00
0x1BE130: 01 00 00 00 04 5C 10 80 00 00 03 00 04 5C 10 80
0x1BE140: 44 57 03 80 00 00 00 00 00 00 00 00 00 00 00 00
0x1BE150: 00 00 00 00 00 00 00 00 00 00 00 00 00 00 00 00
0x1BE160: 00 00 00 00 00 00 00 00 00 00 00 00 00 00 00 00
0x1BE170: 00 00 00 00 01 07 54 61 6E 65 6D 6F 6E 01 01 0D
0x1BE180: 00 8F 82 8E 81 40 01 01 0D 00 00 00 00 00 00 00
0x1BE190: 00 00 00 00 00 00 00 00 00 00 00 00 00 00 00 00
0x1BE1A0: 00 00 00 00 00 00 00 00 00 00 00 00 00 00 00 00
0x1BE1B0: 00 00 00 00 82 67 82 85 82 92 82 85 81 75 82 93
0x1BE1C0: 81 40 82 99 82 8F 82 95 82 92 81 40 82 6C 82 85
0x1BE1D0: 82 81 82 94 81 40 82 86 82 8F 82 92 81 40 82 94
0x1BE1E0: 82 8F 82 84 82 81 82 99 81 42 00 00 0D 00 0D 00
0x1BE1F0: 00 00 00 00 82 81 82 8E 82 99 82 94 82 88 82 89

=== MARKER 028 at frame 595553 ===
0x1BDF00: 00 00 00 00 00 00 00 00 00 00 00 00 00 00 00 00
0x1BDF10: 00 00 00 00 00 00 00 00 00 00 00 00 00 00 00 00
0x1BDF20: 00 00 00 00 00 00 00 00 00 00 00 00 00 00 00 00
0x1BDF30: 00 00 00 00 00 00 00 00 00 00 00 00 00 00 00 00
0x1BDF40: 00 00 00 00 00 00 00 00 00 00 00 00 00 00 00 00
0x1BDF50: 00 00 00 00 00 00 00 00 00 00 00 00 00 00 00 00
0x1BDF60: 00 00 00 00 00 00 00 00 00 00 00 00 00 00 00 00
0x1BDF70: 00 00 00 00 00 00 00 00 00 00 00 00 00 00 00 00
0x1BDF80: 00 00 00 00 00 00 00 00 00 00 00 00 00 00 00 00
0x1BDF90: 00 00 00 00 00 00 00 00 00 00 00 00 00 00 00 00
0x1BDFA0: 00 00 00 00 00 00 00 00 00 00 00 00 00 00 00 00
0x1BDFB0: 00 00 00 00 00 00 00 00 00 00 00 00 00 00 00 00
0x1BDFC0: 00 00 00 00 00 00 00 00 00 00 00 00 00 00 00 00
0x1BDFD0: 00 00 00 40 00 00 0C 00 00 00 00 00 00 00 00 00
0x1BDFE0: 00 00 00 00 00 00 08 00 00 00 00 00 00 00 00 00
0x1BDFF0: 08 00 00 00 00 00 00 00 00 00 00 00 00 00 00 00
0x1BE000: 00 00 00 00 00 00 00 00 00 00 00 00 00 08 00 00
0x1BE010: 00 00 00 00 00 00 00 00 00 00 00 00 00 01 00 00
0x1BE020: 00 00 00 00 00 00 00 00 00 00 00 00 00 00 00 00
0x1BE030: 00 00 01 00 00 00 00 00 00 00 00 00 00 00 00 00
0x1BE040: 00 00 00 00 00 00 00 00 00 00 00 00 00 00 00 00
0x1BE050: 00 00 00 00 00 00 00 00 00 00 00 01 00 00 00 00
0x1BE060: 00 00 00 00 00 00 00 00 00 00 00 00 00 00 00 00
0x1BE070: 00 00 00 00 00 00 00 00 00 00 00 00 00 00 00 00
0x1BE080: 00 00 00 00 00 00 00 00 00 00 00 00 00 00 00 00
0x1BE090: 00 00 00 00 00 00 00 00 03 00 00 00 0A 17 00 14
0x1BE0A0: 00 00 00 00 00 00 00 00 00 00 00 00 00 00 00 00
0x1BE0B0: 00 00 00 00 00 00 00 00 00 00 00 00 00 00 00 00
0x1BE0C0: 00 00 00 00 00 00 00 00 00 00 00 00 00 00 00 00
0x1BE0D0: 00 00 00 00 00 00 00 00 00 00 00 00 00 00 00 00
0x1BE0E0: 00 00 00 00 00 00 00 00 00 00 00 00 00 00 00 00
0x1BE0F0: 00 00 00 00 00 00 00 00 00 00 00 00 00 00 00 00
0x1BE100: 00 00 00 00 00 00 00 00 00 00 00 00 00 00 00 00
0x1BE110: 00 00 00 00 00 00 00 00 00 00 00 00 00 00 00 00
0x1BE120: 00 00 00 00 00 00 00 00 00 00 00 00 04 FF FF 00
0x1BE130: 01 00 00 00 04 5C 10 80 00 00 03 00 04 5C 10 80
0x1BE140: 44 57 03 80 00 00 00 00 00 00 00 00 00 00 00 00
0x1BE150: 00 00 00 00 00 00 00 00 00 00 00 00 00 00 00 00
0x1BE160: 00 00 00 00 00 00 00 00 00 00 00 00 00 00 00 00
0x1BE170: 00 00 00 00 01 07 54 61 6E 65 6D 6F 6E 01 01 0D
0x1BE180: 00 8F 82 8E 81 40 01 01 0D 00 00 00 00 00 00 00
0x1BE190: 00 00 00 00 00 00 00 00 00 00 00 00 00 00 00 00
0x1BE1A0: 00 00 00 00 00 00 00 00 00 00 00 00 00 00 00 00
0x1BE1B0: 00 00 00 00 82 67 82 85 82 92 82 85 81 75 82 93
0x1BE1C0: 81 40 82 99 82 8F 82 95 82 92 81 40 82 6C 82 85
0x1BE1D0: 82 81 82 94 81 40 82 86 82 8F 82 92 81 40 82 94
0x1BE1E0: 82 8F 82 84 82 81 82 99 81 42 00 00 0D 00 0D 00
0x1BE1F0: 00 00 00 00 82 81 82 8E 82 99 82 94 82 88 82 89

=== MARKER 029 at frame 599377 ===
0x1BDF00: 00 00 00 00 00 00 00 00 00 00 00 00 00 00 00 00
0x1BDF10: 00 00 00 00 00 00 00 00 00 00 00 00 00 00 00 00
0x1BDF20: 00 00 00 00 00 00 00 00 00 00 00 00 00 00 00 00
0x1BDF30: 00 00 00 00 00 00 00 00 00 00 00 00 00 00 00 00
0x1BDF40: 00 00 00 00 00 00 00 00 00 00 00 00 00 00 00 00
0x1BDF50: 00 00 00 00 00 00 00 00 00 00 00 00 00 00 00 00
0x1BDF60: 00 00 00 00 00 00 00 00 00 00 00 00 00 00 00 00
0x1BDF70: 00 00 00 00 00 00 00 00 00 00 00 00 00 00 00 00
0x1BDF80: 00 00 00 00 00 00 00 00 00 00 00 00 00 00 00 00
0x1BDF90: 00 00 00 00 00 00 00 00 00 00 00 00 00 00 00 00
0x1BDFA0: 00 00 00 00 00 00 00 00 00 00 00 00 00 00 00 00
0x1BDFB0: 00 00 00 00 00 00 00 00 00 00 00 00 00 00 00 00
0x1BDFC0: 00 00 00 00 00 00 00 00 00 00 00 00 00 00 00 00
0x1BDFD0: 00 00 00 40 00 00 0C 00 00 00 00 00 00 00 00 00
0x1BDFE0: 00 00 00 00 00 00 08 00 00 00 00 00 00 00 00 00
0x1BDFF0: 08 00 00 00 00 00 00 00 00 00 00 00 00 00 00 00
0x1BE000: 00 00 00 00 00 00 00 00 00 00 00 00 00 08 00 00
0x1BE010: 00 00 00 00 00 00 00 00 00 00 00 00 00 01 00 00
0x1BE020: 00 00 00 00 00 00 00 00 00 00 00 00 00 00 00 00
0x1BE030: 00 00 01 00 00 00 00 00 00 00 00 00 00 00 00 00
0x1BE040: 00 00 00 00 00 00 00 00 00 00 00 00 00 00 00 00
0x1BE050: 00 00 00 00 00 00 00 00 00 00 00 01 00 00 00 00
0x1BE060: 00 00 00 00 00 00 00 00 00 00 00 00 00 00 00 00
0x1BE070: 00 00 00 00 00 00 00 00 00 00 00 00 00 00 00 00
0x1BE080: 00 00 00 00 00 00 00 00 00 00 00 00 00 00 00 00
0x1BE090: 00 00 00 00 00 00 00 00 03 00 00 00 0B 0D 00 4E
0x1BE0A0: 00 00 00 00 00 00 00 00 00 00 00 00 00 00 00 00
0x1BE0B0: 00 00 00 00 00 00 00 00 00 00 00 00 00 00 00 00
0x1BE0C0: 00 00 00 00 00 00 00 00 00 00 00 00 00 00 00 00
0x1BE0D0: 00 00 00 00 00 00 00 00 00 00 00 00 00 00 00 00
0x1BE0E0: 00 00 00 00 00 00 00 00 00 00 00 00 00 00 00 00
0x1BE0F0: 00 00 00 00 00 00 00 00 00 00 00 00 00 00 00 00
0x1BE100: 00 00 00 00 00 00 00 00 00 00 00 00 00 00 00 00
0x1BE110: 00 00 00 00 00 00 00 00 00 00 00 00 00 00 00 00
0x1BE120: 00 00 00 00 00 00 00 00 00 00 00 00 04 FF FF 00
0x1BE130: 01 00 00 00 04 5C 10 80 04 00 03 00 04 5C 10 80
0x1BE140: 00 00 03 00 00 00 00 00 00 00 00 00 00 00 00 00
0x1BE150: 00 00 00 00 00 00 00 00 00 00 00 00 00 00 00 00
0x1BE160: 00 00 00 00 00 00 00 00 00 00 00 00 00 00 00 00
0x1BE170: 00 00 00 00 01 07 54 61 6E 65 6D 6F 6E 01 01 0D
0x1BE180: 00 8F 82 8E 81 40 01 01 0D 00 00 00 00 00 00 00
0x1BE190: 00 00 00 00 00 00 00 00 00 00 00 00 00 00 00 00
0x1BE1A0: 00 00 00 00 00 00 00 00 00 00 00 00 00 00 00 00
0x1BE1B0: 00 00 00 00 82 67 82 85 82 92 82 85 81 75 82 93
0x1BE1C0: 81 40 82 99 82 8F 82 95 82 92 81 40 82 6C 82 85
0x1BE1D0: 82 81 82 94 81 40 82 86 82 8F 82 92 81 40 82 94
0x1BE1E0: 82 8F 82 84 82 81 82 99 81 42 00 00 0D 00 0D 00
0x1BE1F0: 00 00 00 00 82 81 82 8E 82 99 82 94 82 88 82 89

=== MARKER 030 at frame 607204 ===
0x1BDF00: 00 00 00 00 00 00 00 00 00 00 00 00 00 00 00 00
0x1BDF10: 00 00 00 00 00 00 00 00 00 00 00 00 00 00 00 00
0x1BDF20: 00 00 00 00 00 00 00 00 00 00 00 00 00 00 00 00
0x1BDF30: 00 00 00 00 00 00 00 00 00 00 00 00 00 00 00 00
0x1BDF40: 00 00 00 00 00 00 00 00 00 00 00 00 00 00 00 00
0x1BDF50: 00 00 00 00 00 00 00 00 00 00 00 00 00 00 00 00
0x1BDF60: 00 00 00 00 00 00 00 00 00 00 00 00 00 00 00 00
0x1BDF70: 00 00 00 00 00 00 00 00 00 00 00 00 00 00 00 00
0x1BDF80: 00 00 00 00 00 00 00 00 00 00 00 00 00 00 00 00
0x1BDF90: 00 00 00 00 00 00 00 00 00 00 00 00 00 00 00 00
0x1BDFA0: 00 00 00 00 00 00 00 00 00 00 00 00 00 00 00 00
0x1BDFB0: 00 00 00 00 00 00 00 00 00 00 00 00 00 00 00 00
0x1BDFC0: 00 00 00 00 00 00 00 00 00 00 00 00 00 00 00 00
0x1BDFD0: 00 00 00 40 00 00 0C 00 00 00 00 00 00 00 00 00
0x1BDFE0: 00 00 00 00 00 00 08 00 00 00 00 00 00 00 00 00
0x1BDFF0: 08 00 00 00 00 00 00 00 00 00 00 00 00 00 00 00
0x1BE000: 00 00 00 00 00 00 00 00 00 00 00 00 00 08 00 00
0x1BE010: 00 00 00 00 00 00 00 00 00 00 00 00 00 01 00 00
0x1BE020: 00 00 00 00 00 00 00 00 00 00 00 00 00 00 00 00
0x1BE030: 00 00 01 00 00 00 00 00 00 00 00 00 00 00 00 00
0x1BE040: 00 00 00 00 00 00 00 00 00 00 00 00 00 00 00 00
0x1BE050: 00 00 00 00 00 00 00 00 00 00 00 01 00 00 00 00
0x1BE060: 00 00 00 00 00 00 00 00 00 00 00 00 00 00 00 00
0x1BE070: 00 00 00 00 00 00 00 00 00 00 00 00 00 00 00 00
0x1BE080: 00 00 00 00 00 00 00 00 00 00 00 00 00 00 00 00
0x1BE090: 00 00 00 00 00 00 00 00 03 00 00 00 0B 1C 00 4B
0x1BE0A0: 00 00 00 00 00 00 00 00 00 00 00 00 00 00 00 00
0x1BE0B0: 00 00 00 00 00 00 00 00 00 00 00 00 00 00 00 00
0x1BE0C0: 00 00 00 00 00 00 00 00 00 00 00 00 00 00 00 00
0x1BE0D0: 00 00 00 00 00 00 00 00 00 00 00 00 00 00 00 00
0x1BE0E0: 00 00 00 00 00 00 00 00 00 00 00 00 00 00 00 00
0x1BE0F0: 00 00 00 00 00 00 00 00 00 00 00 00 00 00 00 00
0x1BE100: 00 00 00 00 00 00 00 00 00 00 00 00 00 00 00 00
0x1BE110: 00 00 00 00 00 00 00 00 00 00 00 00 00 00 00 00
0x1BE120: 00 00 00 00 00 00 00 00 00 00 00 00 04 FF FF 00
0x1BE130: 01 00 00 00 04 5C 10 80 04 00 03 00 04 5C 10 80
0x1BE140: 00 00 03 00 00 00 00 00 00 00 00 00 00 00 00 00
0x1BE150: 00 00 00 00 00 00 00 00 00 00 00 00 00 00 00 00
0x1BE160: 00 00 00 00 00 00 00 00 00 00 00 00 00 00 00 00
0x1BE170: 00 00 00 00 01 06 82 60 01 01 0D 00 6E 01 01 0D
0x1BE180: 00 8F 82 8E 81 40 01 01 0D 00 00 00 00 00 00 00
0x1BE190: 00 00 00 00 00 00 00 00 00 00 00 00 00 00 00 00
0x1BE1A0: 00 00 00 00 00 00 00 00 00 00 00 00 00 00 00 00
0x1BE1B0: 00 00 00 00 82 6C 82 85 82 81 82 94 81 40 81 46
0x1BE1C0: 81 40 82 94 82 88 82 92 82 85 82 85 81 40 82 88
0x1BE1D0: 82 95 82 8E 82 84 81 40 82 82 82 89 82 94 82 93
0x1BE1E0: 0D 00 82 84 82 81 82 99 81 42 00 00 0D 00 0D 00
0x1BE1F0: 00 00 00 00 82 63 82 89 82 87 82 89 82 6C 82 95

=== MARKER 031 at frame 607625 ===
0x1BDF00: 00 00 00 00 00 00 00 00 00 00 00 00 00 00 00 00
0x1BDF10: 00 00 00 00 00 00 00 00 00 00 00 00 00 00 00 00
0x1BDF20: 00 00 00 00 00 00 00 00 00 00 00 00 00 00 00 00
0x1BDF30: 00 00 00 00 00 00 00 00 00 00 00 00 00 00 00 00
0x1BDF40: 00 00 00 00 00 00 00 00 00 00 00 00 00 00 00 00
0x1BDF50: 00 00 00 00 00 00 00 00 00 00 00 00 00 00 00 00
0x1BDF60: 00 00 00 00 00 00 00 00 00 00 00 00 00 00 00 00
0x1BDF70: 00 00 00 00 00 00 00 00 00 00 00 00 00 00 00 00
0x1BDF80: 00 00 00 00 00 00 00 00 00 00 00 00 00 00 00 00
0x1BDF90: 00 00 00 00 00 00 00 00 00 00 00 00 00 00 00 00
0x1BDFA0: 00 00 00 00 00 00 00 00 00 00 00 00 00 00 00 00
0x1BDFB0: 00 00 00 00 00 00 00 00 00 00 00 00 00 00 00 00
0x1BDFC0: 00 00 00 00 00 00 00 00 00 00 00 00 00 00 00 00
0x1BDFD0: 00 00 00 40 00 00 0C 00 00 00 00 00 00 00 00 00
0x1BDFE0: 00 00 00 00 00 00 08 00 00 00 00 00 00 00 00 00
0x1BDFF0: 08 00 00 00 00 00 00 00 00 00 00 00 00 00 00 00
0x1BE000: 00 00 00 00 00 00 00 00 00 00 00 00 00 08 00 00
0x1BE010: 00 00 00 00 00 00 00 00 00 00 00 00 00 01 00 00
0x1BE020: 00 00 00 00 00 00 00 00 00 00 00 00 00 00 00 00
0x1BE030: 00 00 01 00 00 00 00 00 00 00 00 00 00 00 00 00
0x1BE040: 00 00 00 00 00 00 00 00 00 00 00 00 00 00 00 00
0x1BE050: 00 00 00 00 00 00 00 00 00 00 00 01 00 00 00 00
0x1BE060: 00 00 00 00 00 00 00 00 00 00 00 00 00 00 00 00
0x1BE070: 00 00 00 00 00 00 00 00 00 00 00 00 00 00 00 00
0x1BE080: 00 00 00 00 00 00 00 00 00 00 00 00 00 00 00 00
0x1BE090: 00 00 00 00 00 00 00 00 03 00 00 00 0B 1C 00 4B
0x1BE0A0: 00 00 00 00 00 00 00 00 00 00 00 00 00 00 00 00
0x1BE0B0: 00 00 00 00 00 00 00 00 00 00 00 00 00 00 00 00
0x1BE0C0: 00 00 00 00 00 00 00 00 00 00 00 00 00 00 00 00
0x1BE0D0: 00 00 00 00 00 00 00 00 00 00 00 00 00 00 00 00
0x1BE0E0: 00 00 00 00 00 00 00 00 00 00 00 00 00 00 00 00
0x1BE0F0: 00 00 00 00 00 00 00 00 00 00 00 00 00 00 00 00
0x1BE100: 00 00 00 00 00 00 00 00 00 00 00 00 00 00 00 00
0x1BE110: 00 00 00 00 00 00 00 00 00 00 00 00 00 00 00 00
0x1BE120: 00 00 00 00 00 00 00 00 00 00 00 00 04 FF FF 00
0x1BE130: 01 00 00 00 04 5C 10 80 04 00 03 00 04 5C 10 80
0x1BE140: 00 00 03 00 00 00 00 00 00 00 00 00 00 00 00 00
0x1BE150: 00 00 00 00 00 00 00 00 00 00 00 00 00 00 00 00
0x1BE160: 00 00 00 00 00 00 00 00 00 00 00 00 00 00 00 00
0x1BE170: 00 00 00 00 01 06 82 60 01 01 0D 00 6E 01 01 0D
0x1BE180: 00 8F 82 8E 81 40 01 01 0D 00 00 00 00 00 00 00
0x1BE190: 00 00 00 00 00 00 00 00 00 00 00 00 00 00 00 00
0x1BE1A0: 00 00 00 00 00 00 00 00 00 00 00 00 00 00 00 00
0x1BE1B0: 00 00 00 00 82 6C 82 85 82 81 82 94 81 40 81 46
0x1BE1C0: 81 40 82 94 82 88 82 92 82 85 82 85 81 40 82 88
0x1BE1D0: 82 95 82 8E 82 84 81 40 82 82 82 89 82 94 82 93
0x1BE1E0: 0D 00 82 84 82 81 82 99 81 42 00 00 0D 00 0D 00
0x1BE1F0: 00 00 00 00 82 63 82 89 82 87 82 89 82 6C 82 95

=== MARKER 032 at frame 613661 ===
0x1BDF00: 00 00 00 00 00 00 00 00 00 00 00 00 00 00 00 00
0x1BDF10: 00 00 00 00 00 00 00 00 00 00 00 00 00 00 00 00
0x1BDF20: 00 00 00 00 00 00 00 00 00 00 00 00 00 00 00 00
0x1BDF30: 00 00 00 00 00 00 00 00 00 00 00 00 00 00 00 00
0x1BDF40: 00 00 00 00 00 00 00 00 00 00 00 00 00 00 00 00
0x1BDF50: 00 00 00 00 00 00 00 00 00 00 00 00 00 00 00 00
0x1BDF60: 00 00 00 00 00 00 00 00 00 00 00 00 00 00 00 00
0x1BDF70: 00 00 00 00 00 00 00 00 00 00 00 00 00 00 00 00
0x1BDF80: 00 00 00 00 00 00 00 00 00 00 00 00 00 00 00 00
0x1BDF90: 00 00 00 00 00 00 00 00 00 00 00 00 00 00 00 00
0x1BDFA0: 00 00 00 00 00 00 00 00 00 00 00 00 00 00 00 00
0x1BDFB0: 00 00 00 00 00 00 00 00 00 00 00 00 00 00 00 00
0x1BDFC0: 00 00 00 00 00 00 00 00 00 00 00 00 00 00 00 00
0x1BDFD0: 00 00 00 40 00 00 0C 00 00 00 00 00 00 00 00 00
0x1BDFE0: 00 00 00 00 00 00 08 00 00 00 00 00 00 00 00 00
0x1BDFF0: 08 00 00 00 00 00 00 00 00 00 00 00 00 00 00 00
0x1BE000: 00 00 00 00 00 00 00 00 00 00 00 00 00 08 00 00
0x1BE010: 00 00 00 00 00 00 00 00 00 00 00 00 00 01 00 00
0x1BE020: 00 00 00 00 00 00 00 00 00 00 00 00 00 00 00 00
0x1BE030: 00 00 01 00 00 00 00 00 00 00 00 00 00 00 00 00
0x1BE040: 00 00 00 00 00 00 00 00 00 00 00 00 00 00 00 00
0x1BE050: 00 00 00 00 00 00 00 00 00 00 00 01 00 00 00 00
0x1BE060: 00 00 00 00 00 00 00 00 00 00 00 00 00 00 00 00
0x1BE070: 00 00 00 00 00 00 00 00 00 00 00 00 00 00 00 00
0x1BE080: 00 00 00 00 00 00 00 00 00 00 00 00 00 00 00 00
0x1BE090: 00 00 00 00 00 00 00 00 03 00 00 00 0C 24 00 02
0x1BE0A0: 00 00 00 00 00 00 00 00 00 00 00 00 00 00 00 00
0x1BE0B0: 00 00 00 00 00 00 00 00 00 00 00 00 00 00 00 00
0x1BE0C0: 00 00 00 00 00 00 00 00 00 00 00 00 00 00 00 00
0x1BE0D0: 00 00 00 00 00 00 00 00 00 00 00 00 00 00 00 00
0x1BE0E0: 00 00 00 00 00 00 00 00 00 00 00 00 00 00 00 00
0x1BE0F0: 00 00 00 00 00 00 00 00 00 00 00 00 00 00 00 00
0x1BE100: 00 00 00 00 00 00 00 00 00 00 00 00 00 00 00 00
0x1BE110: 00 00 00 00 00 00 00 00 00 00 00 00 00 00 00 00
0x1BE120: 00 00 00 00 00 00 00 00 00 00 00 00 04 FF FF 00
0x1BE130: 01 00 00 00 03 00 00 00 00 00 04 FF 04 5C 10 80
0x1BE140: 00 00 03 00 00 00 00 00 00 00 00 00 00 00 00 00
0x1BE150: 00 00 00 00 00 00 00 00 00 00 00 00 00 00 00 00
0x1BE160: 00 00 00 00 00 00 00 00 00 00 00 00 00 00 00 00
0x1BE170: 00 00 00 00 01 06 82 60 01 01 0D 00 6E 01 01 0D
0x1BE180: 00 8F 82 8E 81 40 01 01 0D 00 00 00 00 00 00 00
0x1BE190: 00 00 00 00 00 00 00 00 00 00 00 00 00 00 00 00
0x1BE1A0: 00 00 00 00 00 00 00 00 00 00 00 00 00 00 00 00
0x1BE1B0: 00 00 00 00 82 6C 82 85 82 81 82 94 81 40 81 46
0x1BE1C0: 81 40 82 94 82 88 82 92 82 85 82 85 81 40 82 88
0x1BE1D0: 82 95 82 8E 82 84 81 40 82 82 82 89 82 94 82 93
0x1BE1E0: 0D 00 82 84 82 81 82 99 81 42 00 00 0D 00 0D 00
0x1BE1F0: 00 00 00 00 82 63 82 89 82 87 82 89 82 6C 82 95

=== MARKER 033 at frame 614530 ===
0x1BDF00: 00 00 00 00 00 00 00 00 00 00 00 00 00 00 00 00
0x1BDF10: 00 00 00 00 00 00 00 00 00 00 00 00 00 00 00 00
0x1BDF20: 00 00 00 00 00 00 00 00 00 00 00 00 00 00 00 00
0x1BDF30: 00 00 00 00 00 00 00 00 00 00 00 00 00 00 00 00
0x1BDF40: 00 00 00 00 00 00 00 00 00 00 00 00 00 00 00 00
0x1BDF50: 00 00 00 00 00 00 00 00 00 00 00 00 00 00 00 00
0x1BDF60: 00 00 00 00 00 00 00 00 00 00 00 00 00 00 00 00
0x1BDF70: 00 00 00 00 00 00 00 00 00 00 00 00 00 00 00 00
0x1BDF80: 00 00 00 00 00 00 00 00 00 00 00 00 00 00 00 00
0x1BDF90: 00 00 00 00 00 00 00 00 00 00 00 00 00 00 00 00
0x1BDFA0: 00 00 00 00 00 00 00 00 00 00 00 00 00 00 00 00
0x1BDFB0: 00 00 00 00 00 00 00 00 00 00 00 00 00 00 00 00
0x1BDFC0: 00 00 00 00 00 00 00 00 00 00 00 00 00 00 00 00
0x1BDFD0: 00 00 00 40 00 00 0C 00 00 00 00 00 00 00 00 00
0x1BDFE0: 00 00 00 00 00 00 08 00 00 00 00 00 00 00 00 00
0x1BDFF0: 08 00 00 00 00 00 00 00 00 00 00 00 00 00 00 00
0x1BE000: 00 00 00 00 00 00 00 00 00 00 00 00 00 08 00 00
0x1BE010: 00 00 00 00 00 00 00 00 00 00 00 00 00 01 00 00
0x1BE020: 00 00 00 00 00 00 00 00 00 00 00 00 00 00 00 00
0x1BE030: 00 00 01 00 00 00 00 00 00 00 00 00 00 00 00 00
0x1BE040: 00 00 00 00 00 00 00 00 00 00 00 00 00 00 00 00
0x1BE050: 00 00 00 00 00 00 00 00 00 00 00 01 00 00 00 00
0x1BE060: 00 00 00 00 00 00 00 00 00 00 00 00 00 00 00 00
0x1BE070: 00 00 00 00 00 00 00 00 00 00 00 00 00 00 00 00
0x1BE080: 00 00 00 00 00 00 00 00 00 00 00 00 00 00 00 00
0x1BE090: 00 00 00 00 00 00 00 00 03 00 00 00 0C 24 00 02
0x1BE0A0: 00 00 00 00 00 00 00 00 00 00 00 00 00 00 00 00
0x1BE0B0: 00 00 00 00 00 00 00 00 00 00 00 00 00 00 00 00
0x1BE0C0: 00 00 00 00 00 00 00 00 00 00 00 00 00 00 00 00
0x1BE0D0: 00 00 00 00 00 00 00 00 00 00 00 00 00 00 00 00
0x1BE0E0: 00 00 00 00 00 00 00 00 00 00 00 00 00 00 00 00
0x1BE0F0: 00 00 00 00 00 00 00 00 00 00 00 00 00 00 00 00
0x1BE100: 00 00 00 00 00 00 00 00 00 00 00 00 00 00 00 00
0x1BE110: 00 00 00 00 00 00 00 00 00 00 00 00 00 00 00 00
0x1BE120: 00 00 00 00 00 00 00 00 00 00 00 00 04 FF FF 00
0x1BE130: 01 00 00 00 03 00 00 00 00 00 04 FF 04 5C 10 80
0x1BE140: 00 00 03 00 00 00 00 00 00 00 00 00 00 00 00 00
0x1BE150: 00 00 00 00 00 00 00 00 00 00 00 00 00 00 00 00
0x1BE160: 00 00 00 00 00 00 00 00 00 00 00 00 00 00 00 00
0x1BE170: 00 00 00 00 01 06 82 60 01 01 0D 00 6E 01 01 0D
0x1BE180: 00 8F 82 8E 81 40 01 01 0D 00 00 00 00 00 00 00
0x1BE190: 00 00 00 00 00 00 00 00 00 00 00 00 00 00 00 00
0x1BE1A0: 00 00 00 00 00 00 00 00 00 00 00 00 00 00 00 00
0x1BE1B0: 00 00 00 00 82 6C 82 85 82 81 82 94 81 40 81 46
0x1BE1C0: 81 40 82 94 82 88 82 92 82 85 82 85 81 40 82 88
0x1BE1D0: 82 95 82 8E 82 84 81 40 82 82 82 89 82 94 82 93
0x1BE1E0: 0D 00 82 84 82 81 82 99 81 42 00 00 0D 00 0D 00
0x1BE1F0: 00 00 00 00 82 63 82 89 82 87 82 89 82 6C 82 95

=== MARKER 034 at frame 615641 ===
0x1BDF00: 00 00 00 00 00 00 00 00 00 00 00 00 00 00 00 00
0x1BDF10: 00 00 00 00 00 00 00 00 00 00 00 00 00 00 00 00
0x1BDF20: 00 00 00 00 00 00 00 00 00 00 00 00 00 00 00 00
0x1BDF30: 00 00 00 00 00 00 00 00 00 00 00 00 00 00 00 00
0x1BDF40: 00 00 00 00 00 00 00 00 00 00 00 00 00 00 00 00
0x1BDF50: 00 00 00 00 00 00 00 00 00 00 00 00 00 00 00 00
0x1BDF60: 00 00 00 00 00 00 00 00 00 00 00 00 00 00 00 00
0x1BDF70: 00 00 00 00 00 00 00 00 00 00 00 00 00 00 00 00
0x1BDF80: 00 00 00 00 00 00 00 00 00 00 00 00 00 00 00 00
0x1BDF90: 00 00 00 00 00 00 00 00 00 00 00 00 00 00 00 00
0x1BDFA0: 00 00 00 00 00 00 00 00 00 00 00 00 00 00 00 00
0x1BDFB0: 00 00 00 00 00 00 00 00 00 00 00 00 00 00 00 00
0x1BDFC0: 00 00 00 00 00 00 00 00 00 00 00 00 00 00 00 00
0x1BDFD0: 00 00 00 40 01 00 0C 00 00 00 00 00 00 00 00 00
0x1BDFE0: 00 00 00 00 00 00 08 00 00 00 00 00 00 00 00 00
0x1BDFF0: 08 00 00 00 00 00 00 00 00 00 00 00 00 00 00 00
0x1BE000: 00 00 00 00 00 00 00 00 00 00 00 00 00 08 00 00
0x1BE010: 00 00 00 00 00 00 00 00 00 00 00 00 00 01 00 00
0x1BE020: 00 00 00 00 00 00 00 00 00 00 00 00 00 00 00 00
0x1BE030: 00 00 01 00 00 00 00 00 00 00 00 00 00 00 00 00
0x1BE040: 00 00 00 00 00 00 00 00 00 00 00 00 00 00 00 00
0x1BE050: 00 00 00 00 00 00 00 00 00 00 00 01 00 00 00 00
0x1BE060: 00 00 00 00 00 00 00 00 00 00 00 00 00 00 00 00
0x1BE070: 00 00 00 00 00 00 00 00 00 00 00 00 00 00 00 00
0x1BE080: 00 00 00 00 00 00 00 00 00 00 00 00 00 00 00 00
0x1BE090: 00 00 00 00 00 00 00 00 03 00 00 00 0C 24 00 02
0x1BE0A0: 00 00 00 00 00 00 00 00 00 00 00 00 00 00 00 00
0x1BE0B0: 00 00 00 00 00 00 00 00 00 00 00 00 00 00 00 00
0x1BE0C0: 00 00 00 00 00 00 00 00 00 00 00 00 00 00 00 00
0x1BE0D0: 00 00 00 00 00 00 00 00 00 00 00 00 00 00 00 00
0x1BE0E0: 00 00 00 00 00 00 00 00 00 00 00 00 00 00 00 00
0x1BE0F0: 00 00 00 00 00 00 00 00 00 00 00 00 00 00 00 00
0x1BE100: 00 00 00 00 00 00 00 00 00 00 00 00 00 00 00 00
0x1BE110: 00 00 00 00 00 00 00 00 00 00 00 00 00 00 00 00
0x1BE120: 00 00 00 00 00 00 00 00 00 00 00 00 04 FF FF 00
0x1BE130: 01 00 00 00 03 00 00 00 00 00 04 FF 04 5C 10 80
0x1BE140: 44 57 03 80 00 00 00 00 00 00 00 00 00 00 00 00
0x1BE150: 00 00 00 00 00 00 00 00 00 00 00 00 00 00 00 00
0x1BE160: 00 00 00 00 00 00 00 00 00 00 00 00 00 00 00 00
0x1BE170: 00 00 00 00 01 07 54 6F 6B 6F 6D 6F 6E 01 01 0D
0x1BE180: 00 8F 82 8E 81 40 01 01 0D 00 00 00 00 00 00 00
0x1BE190: 00 00 00 00 00 00 00 00 00 00 00 00 00 00 00 00
0x1BE1A0: 00 00 00 00 00 00 00 00 00 00 00 00 00 00 00 00
0x1BE1B0: 00 00 00 00 81 42 81 42 81 42 82 94 82 88 82 85
0x1BE1C0: 82 8E 81 40 82 93 82 85 82 8C 82 85 82 83 82 94
0x1BE1D0: 81 40 81 75 82 68 82 94 82 85 82 8D 81 75 0D 00
0x1BE1E0: 0D 00 82 84 82 81 82 99 81 42 00 00 0D 00 0D 00
0x1BE1F0: 00 00 00 00 82 81 82 8E 82 84 81 40 82 8C 82 8F

=== MARKER 035 at frame 661662 ===
0x1BDF00: 00 00 00 00 00 00 00 00 00 00 00 00 00 00 00 00
0x1BDF10: 00 00 00 00 00 00 00 00 00 00 00 00 00 00 00 00
0x1BDF20: 00 00 00 00 00 00 00 00 00 00 00 00 00 00 00 00
0x1BDF30: 03 00 00 00 00 00 00 00 00 00 00 00 00 00 00 00
0x1BDF40: 00 00 00 00 00 00 00 00 00 00 00 00 00 00 00 00
0x1BDF50: 00 00 02 00 00 00 00 00 01 00 00 00 00 00 00 00
0x1BDF60: 00 00 00 00 00 00 00 00 00 00 00 00 00 00 00 00
0x1BDF70: 00 00 00 00 00 00 00 00 00 00 00 00 00 00 00 00
0x1BDF80: 00 00 00 00 00 00 00 00 00 00 00 00 00 00 00 00
0x1BDF90: 00 00 00 00 00 00 00 00 00 00 00 00 00 00 00 00
0x1BDFA0: 00 00 00 00 00 00 00 00 00 00 00 00 00 00 00 00
0x1BDFB0: 00 00 00 00 00 00 00 00 00 00 00 00 00 00 00 00
0x1BDFC0: 00 00 00 00 00 00 00 00 00 00 00 00 00 00 00 00
0x1BDFD0: 00 00 00 48 01 00 0C 00 00 00 00 00 00 00 00 00
0x1BDFE0: 00 00 00 00 00 00 08 00 00 00 00 00 00 00 00 00
0x1BDFF0: 08 00 00 00 00 00 00 00 00 00 00 00 00 00 00 00
0x1BE000: 00 00 00 00 00 00 00 00 00 00 00 00 00 08 00 00
0x1BE010: 00 00 00 00 00 00 00 00 00 00 00 00 00 01 00 00
0x1BE020: 00 00 00 00 00 00 00 00 00 00 00 00 00 00 00 00
0x1BE030: 00 00 01 00 00 00 00 00 00 00 00 00 00 00 00 00
0x1BE040: 00 00 00 00 00 00 00 00 00 00 00 00 00 00 00 00
0x1BE050: 00 00 00 00 00 00 00 00 00 00 00 01 00 00 00 00
0x1BE060: 00 00 00 00 00 00 00 00 00 00 00 00 00 00 00 00
0x1BE070: 00 00 00 00 00 00 00 00 00 00 00 00 00 00 00 00
0x1BE080: 00 00 00 00 00 00 00 00 00 00 00 00 00 00 00 00
0x1BE090: 00 00 00 00 00 00 00 00 03 00 00 00 0D 0D 00 00
0x1BE0A0: 00 00 00 00 00 00 00 00 00 00 00 00 00 00 00 00
0x1BE0B0: 00 00 00 00 00 00 00 00 00 00 00 00 00 00 00 00
0x1BE0C0: 00 00 00 00 00 00 00 00 00 00 00 00 00 00 00 00
0x1BE0D0: 00 00 00 00 00 00 00 00 00 00 00 00 00 00 00 00
0x1BE0E0: 00 00 00 00 00 00 00 00 00 00 00 00 00 00 00 00
0x1BE0F0: 00 00 00 00 00 00 00 00 00 00 00 00 00 00 00 00
0x1BE100: 00 00 00 00 00 00 00 00 00 00 00 00 00 00 00 00
0x1BE110: 00 00 00 00 00 00 00 00 00 00 00 00 00 00 00 00
0x1BE120: 00 00 00 00 00 00 00 00 00 00 00 00 04 FF FF 05
0x1BE130: 01 00 00 00 04 5C 10 80 98 5A 03 80 04 5C 10 80
0x1BE140: 44 57 03 80 00 00 00 00 00 00 00 00 00 00 00 00
0x1BE150: 00 00 00 00 00 00 00 00 00 00 00 00 00 00 00 00
0x1BE160: 00 00 00 00 00 00 00 00 00 00 00 00 00 00 00 00
0x1BE170: 00 00 00 00 01 07 41 67 75 6D 6F 6E 01 01 0D 00
0x1BE180: 00 8F 82 8E 81 40 01 01 0D 00 00 00 00 00 00 00
0x1BE190: 00 00 00 00 00 00 00 00 00 00 00 00 00 00 00 00
0x1BE1A0: 00 00 00 00 00 00 00 00 00 00 00 00 00 00 00 00
0x1BE1B0: 00 00 00 00 82 62 82 8F 82 8D 82 85 81 40 82 94
0x1BE1C0: 82 8F 81 40 82 94 82 88 82 89 82 93 81 40 82 93
0x1BE1D0: 82 88 82 8F 82 90 0D 00 82 8D 82 93 81 40 82 86
0x1BE1E0: 82 8F 82 92 0D 00 82 99 81 42 00 00 0D 00 0D 00
0x1BE1F0: 00 00 00 00 82 97 82 88 82 85 82 8E 81 40 82 99

=== MARKER 036 at frame 692950 ===
0x1BDF00: 00 00 00 00 00 00 00 00 00 00 00 00 00 00 00 00
0x1BDF10: 00 00 00 00 00 00 00 00 00 00 00 00 00 00 00 00
0x1BDF20: 00 00 00 00 00 00 00 00 00 00 00 00 00 00 00 00
0x1BDF30: 00 00 00 00 00 00 00 00 00 00 00 00 00 00 00 00
0x1BDF40: 00 00 00 00 00 00 00 00 00 00 00 00 00 00 00 00
0x1BDF50: 00 00 00 00 00 00 00 00 00 00 00 00 00 00 00 00
0x1BDF60: 00 00 00 00 00 00 00 00 00 00 00 00 00 00 00 00
0x1BDF70: 00 00 00 00 00 00 00 00 00 00 00 00 00 00 00 00
0x1BDF80: 00 00 00 00 00 00 00 00 00 00 00 00 00 00 00 00
0x1BDF90: 00 00 00 00 00 00 00 00 00 00 00 00 00 00 00 00
0x1BDFA0: 00 00 00 00 00 00 00 00 00 00 00 00 00 00 00 00
0x1BDFB0: 00 00 00 00 00 00 00 00 00 00 00 00 00 00 00 00
0x1BDFC0: 00 00 00 00 00 00 00 00 00 00 00 00 00 00 00 00
0x1BDFD0: 00 00 00 48 01 00 0C 00 00 00 00 00 00 00 00 00
0x1BDFE0: 00 00 00 00 00 00 08 00 00 00 00 00 00 00 00 00
0x1BDFF0: 08 00 00 00 00 00 00 00 00 00 00 00 00 00 00 00
0x1BE000: 00 00 00 00 00 00 00 00 00 00 00 00 00 08 00 00
0x1BE010: 00 00 00 00 00 00 00 00 00 00 00 00 00 01 00 00
0x1BE020: 00 00 00 00 00 00 00 00 00 00 00 00 00 00 00 00
0x1BE030: 00 00 01 00 00 00 00 00 00 00 00 00 00 00 00 00
0x1BE040: 00 00 00 00 00 00 00 00 00 00 00 00 00 00 00 00
0x1BE050: 00 00 00 00 00 00 00 00 00 00 00 01 00 00 00 00
0x1BE060: 00 00 00 00 00 00 00 00 00 00 00 00 00 00 00 00
0x1BE070: 00 00 00 00 00 00 00 00 00 00 00 00 00 00 00 00
0x1BE080: 00 00 00 00 00 00 00 00 00 00 00 00 00 00 00 00
0x1BE090: 00 00 00 00 00 00 00 00 03 00 00 00 0D 2A 00 63
0x1BE0A0: 00 00 00 00 00 00 00 00 00 00 00 00 00 00 00 00
0x1BE0B0: 00 00 00 00 00 00 00 00 00 00 00 00 00 00 00 00
0x1BE0C0: 00 00 00 00 00 00 00 00 00 00 00 00 00 00 00 00
0x1BE0D0: 00 00 00 00 00 00 00 00 00 00 00 00 00 00 00 00
0x1BE0E0: 00 00 00 00 00 00 00 00 00 00 00 00 00 00 00 00
0x1BE0F0: 00 00 00 00 00 00 00 00 00 00 00 00 00 00 00 00
0x1BE100: 00 00 00 00 00 00 00 00 00 00 00 00 00 00 00 00
0x1BE110: 00 00 00 00 00 00 00 00 00 00 00 00 00 00 00 00
0x1BE120: 00 00 00 00 00 00 00 00 00 00 00 00 04 FF FF 00
0x1BE130: 01 00 00 00 04 5C 10 80 00 00 03 00 04 5C 10 80
0x1BE140: 44 57 03 80 00 00 00 00 00 00 00 00 00 00 00 00
0x1BE150: 00 00 00 00 00 00 00 00 00 00 00 00 00 00 00 00
0x1BE160: 00 00 00 00 00 00 00 00 00 00 00 00 00 00 00 00
0x1BE170: 00 00 00 00 01 07 41 67 75 6D 6F 6E 01 01 0D 00
0x1BE180: 20 4D 61 67 69 63 20 50 6F 69 6E 74 73 00 00 00
0x1BE190: 00 00 00 00 00 00 00 00 00 00 00 00 00 00 00 00
0x1BE1A0: 00 00 00 00 00 00 00 00 00 00 00 00 00 00 00 00
0x1BE1B0: 00 00 00 00 82 62 82 8F 82 8D 82 85 81 40 82 94
0x1BE1C0: 82 8F 81 40 82 94 82 88 82 89 82 93 81 40 82 93
0x1BE1D0: 82 88 82 8F 82 90 0D 00 82 8D 82 93 81 40 82 86
0x1BE1E0: 82 8F 82 92 0D 00 82 99 81 42 00 00 0D 00 0D 00
0x1BE1F0: 00 00 00 00 82 97 82 88 82 85 82 8E 81 40 82 99

=== MARKER 037 at frame 697581 ===
0x1BDF00: 00 00 00 00 00 00 00 00 00 00 00 00 00 00 00 00
0x1BDF10: 00 00 00 00 00 00 00 00 00 00 00 00 00 00 00 00
0x1BDF20: 00 00 00 00 00 00 00 00 00 00 00 00 00 00 00 00
0x1BDF30: 00 00 00 00 00 00 00 00 00 00 00 00 00 00 00 00
0x1BDF40: 00 00 00 00 00 00 00 00 00 00 00 00 00 00 00 00
0x1BDF50: 00 00 00 00 00 00 00 00 00 00 00 00 00 00 00 00
0x1BDF60: 00 00 00 00 00 00 00 00 00 00 00 00 00 00 00 00
0x1BDF70: 00 00 00 00 00 00 00 00 00 00 00 00 00 00 00 00
0x1BDF80: 00 00 00 00 00 00 00 00 00 00 00 00 00 00 00 00
0x1BDF90: 00 00 00 00 00 00 00 00 00 00 00 00 00 00 00 00
0x1BDFA0: 00 00 00 00 00 00 00 00 00 00 00 00 00 00 00 00
0x1BDFB0: 00 00 00 00 00 00 00 00 00 00 00 00 00 00 00 00
0x1BDFC0: 00 00 00 00 00 00 00 00 00 00 00 00 00 00 00 00
0x1BDFD0: 00 00 00 48 01 00 0C 00 00 00 00 00 00 00 00 00
0x1BDFE0: 00 00 00 00 00 00 08 00 00 00 00 00 00 00 00 00
0x1BDFF0: 08 00 00 00 00 00 00 00 00 00 00 00 00 00 00 00
0x1BE000: 00 00 00 00 00 00 00 00 00 00 00 00 00 08 00 00
0x1BE010: 00 00 00 00 00 00 00 00 00 00 00 00 00 01 00 00
0x1BE020: 00 00 00 00 00 00 00 00 00 00 00 00 00 00 00 00
0x1BE030: 00 00 01 00 00 00 00 00 00 00 00 00 00 00 00 00
0x1BE040: 00 00 00 00 00 00 00 00 00 00 00 00 00 00 00 00
0x1BE050: 00 00 00 00 00 00 00 00 00 00 00 01 00 00 00 00
0x1BE060: 00 00 00 00 00 00 00 00 00 00 00 00 00 00 00 00
0x1BE070: 00 00 00 00 00 00 00 00 00 00 00 00 00 00 00 00
0x1BE080: 00 00 00 00 00 00 00 00 00 00 00 00 00 00 00 00
0x1BE090: 00 00 00 00 00 00 00 00 03 00 00 00 0D 2A 00 63
0x1BE0A0: 00 00 00 00 00 00 00 00 00 00 00 00 00 00 00 00
0x1BE0B0: 00 00 00 00 00 00 00 00 00 00 00 00 00 00 00 00
0x1BE0C0: 00 00 00 00 00 00 00 00 00 00 00 00 00 00 00 00
0x1BE0D0: 00 00 00 00 00 00 00 00 00 00 00 00 00 00 00 00
0x1BE0E0: 00 00 00 00 00 00 00 00 00 00 00 00 00 00 00 00
0x1BE0F0: 00 00 00 00 00 00 00 00 00 00 00 00 00 00 00 00
0x1BE100: 00 00 00 00 00 00 00 00 00 00 00 00 00 00 00 00
0x1BE110: 00 00 00 00 00 00 00 00 00 00 00 00 00 00 00 00
0x1BE120: 00 00 00 00 00 00 00 00 00 00 00 00 04 FF FF 00
0x1BE130: 01 00 00 00 04 5C 10 80 00 00 03 00 04 5C 10 80
0x1BE140: 44 57 03 80 00 00 00 00 00 00 00 00 00 00 00 00
0x1BE150: 00 00 00 00 00 00 00 00 00 00 00 00 00 00 00 00
0x1BE160: 00 00 00 00 00 00 00 00 00 00 00 00 00 00 00 00
0x1BE170: 00 00 00 00 01 07 41 67 75 6D 6F 6E 01 01 0D 00
0x1BE180: 20 4D 61 67 69 63 20 50 6F 69 6E 74 73 00 00 00
0x1BE190: 00 00 00 00 00 00 00 00 00 00 00 00 00 00 00 00
0x1BE1A0: 00 00 00 00 00 00 00 00 00 00 00 00 00 00 00 00
0x1BE1B0: 00 00 00 00 82 62 82 8F 82 8D 82 85 81 40 82 94
0x1BE1C0: 82 8F 81 40 82 94 82 88 82 89 82 93 81 40 82 93
0x1BE1D0: 82 88 82 8F 82 90 0D 00 82 8D 82 93 81 40 82 86
0x1BE1E0: 82 8F 82 92 0D 00 82 99 81 42 00 00 0D 00 0D 00
0x1BE1F0: 00 00 00 00 82 97 82 88 82 85 82 8E 81 40 82 99

=== MARKER 038 at frame 702495 ===
0x1BDF00: 00 00 00 00 00 00 00 00 00 00 00 00 00 00 00 00
0x1BDF10: 00 00 00 00 00 00 00 00 00 00 00 00 00 00 00 00
0x1BDF20: 00 00 00 00 00 00 00 00 00 00 00 00 00 00 00 00
0x1BDF30: 00 00 00 00 00 00 00 00 00 00 00 00 00 00 00 00
0x1BDF40: 00 00 00 00 00 00 00 00 00 00 00 00 00 00 00 00
0x1BDF50: 00 00 00 00 00 00 00 00 00 00 00 00 00 00 00 00
0x1BDF60: 00 00 00 00 00 00 00 00 00 00 00 00 00 00 00 00
0x1BDF70: 00 00 00 00 00 00 00 00 00 00 00 00 00 00 00 00
0x1BDF80: 00 00 00 00 00 00 00 00 00 00 00 00 00 00 00 00
0x1BDF90: 00 00 00 00 00 00 00 00 00 00 00 00 00 00 00 00
0x1BDFA0: 00 00 00 00 00 00 00 00 00 00 00 00 00 00 00 00
0x1BDFB0: 00 00 00 00 00 00 00 00 00 00 00 00 00 00 00 00
0x1BDFC0: 00 00 00 00 00 00 00 00 00 00 00 00 00 00 00 00
0x1BDFD0: 00 00 00 48 01 00 0C 00 00 00 00 00 00 00 00 00
0x1BDFE0: 00 00 00 00 00 00 08 00 00 00 00 00 00 00 00 00
0x1BDFF0: 08 00 00 00 00 00 00 00 00 00 00 00 00 00 00 00
0x1BE000: 00 00 00 00 00 00 00 00 00 00 00 00 00 08 00 00
0x1BE010: 00 00 00 00 00 00 00 00 00 00 00 00 00 01 00 00
0x1BE020: 00 00 00 00 00 00 00 00 00 00 00 00 00 00 00 00
0x1BE030: 00 00 01 00 00 00 00 00 00 00 00 00 00 00 00 00
0x1BE040: 00 00 00 00 00 00 00 00 00 00 00 00 00 00 00 00
0x1BE050: 00 00 00 00 00 00 00 00 00 00 00 01 00 00 00 00
0x1BE060: 00 00 00 00 00 00 00 00 00 00 00 00 00 00 00 00
0x1BE070: 00 00 00 00 00 00 00 00 00 00 00 00 00 00 00 00
0x1BE080: 00 00 00 00 00 00 00 00 00 00 00 00 00 00 00 00
0x1BE090: 00 00 00 00 00 00 00 00 03 00 00 00 0E 36 00 26
0x1BE0A0: 00 00 00 00 00 00 00 00 00 00 00 00 00 00 00 00
0x1BE0B0: 00 00 00 00 00 00 00 00 00 00 00 00 00 00 00 00
0x1BE0C0: 00 00 00 00 00 00 00 00 00 00 00 00 00 00 00 00
0x1BE0D0: 00 00 00 00 00 00 00 00 00 00 00 00 00 00 00 00
0x1BE0E0: 00 00 00 00 00 00 00 00 00 00 00 00 00 00 00 00
0x1BE0F0: 00 00 00 00 00 00 00 00 00 00 00 00 00 00 00 00
0x1BE100: 00 00 00 00 00 00 00 00 00 00 00 00 00 00 00 00
0x1BE110: 00 00 00 00 00 00 00 00 00 00 00 00 00 00 00 00
0x1BE120: 00 00 00 00 00 00 00 00 00 00 00 00 04 FF FF 03
0x1BE130: 01 00 00 00 04 5C 10 80 06 00 03 00 04 5C 10 80
0x1BE140: 44 57 03 80 00 00 00 00 00 00 00 00 00 00 00 00
0x1BE150: 00 00 00 00 00 00 00 00 00 00 00 00 00 00 00 00
0x1BE160: 00 00 00 00 00 00 00 00 00 00 00 00 00 00 00 00
0x1BE170: 00 00 00 00 01 05 53 69 67 6E 01 01 0D 00 0D 00
0x1BE180: 20 4D 61 67 69 63 20 50 6F 69 6E 74 73 00 00 00
0x1BE190: 00 00 00 00 00 00 00 00 00 00 00 00 00 00 00 00
0x1BE1A0: 00 00 00 00 00 00 00 00 00 00 00 00 00 00 00 00
0x1BE1B0: 00 00 00 00 82 61 82 85 82 87 82 89 82 8E 0D 00
0x1BE1C0: 82 8F 81 40 82 94 82 88 82 89 82 93 81 40 82 93
0x1BE1D0: 82 88 82 8F 82 90 0D 00 82 8D 82 93 81 40 82 86
0x1BE1E0: 82 8F 82 92 0D 00 82 99 81 42 00 00 0D 00 0D 00
0x1BE1F0: 00 00 00 00 82 64 82 98 82 90 82 8C 82 81 82 89

=== MARKER 039 at frame 704167 ===
0x1BDF00: 00 00 00 00 00 00 00 00 00 00 00 00 00 00 00 00
0x1BDF10: 00 00 00 00 00 00 00 00 00 00 00 00 00 00 00 00
0x1BDF20: 00 00 00 00 00 00 00 00 00 00 00 00 00 00 00 00
0x1BDF30: 00 00 00 00 00 00 00 00 00 00 00 00 00 00 00 00
0x1BDF40: 00 00 00 00 00 00 00 00 00 00 00 00 00 00 00 00
0x1BDF50: 00 00 00 00 00 00 00 00 00 00 00 00 00 00 00 00
0x1BDF60: 00 00 00 00 00 00 00 00 00 00 00 00 00 00 00 00
0x1BDF70: 00 00 00 00 00 00 00 00 00 00 00 00 00 00 00 00
0x1BDF80: 00 00 00 00 00 00 00 00 00 00 00 00 00 00 00 00
0x1BDF90: 00 00 00 00 00 00 00 00 00 00 00 00 00 00 00 00
0x1BDFA0: 00 00 00 00 00 00 00 00 00 00 00 00 00 00 00 00
0x1BDFB0: 00 00 00 00 00 00 00 00 00 00 00 00 00 00 00 00
0x1BDFC0: 00 00 00 00 00 00 00 00 00 00 00 00 00 00 00 00
0x1BDFD0: 00 00 00 48 01 00 0C 00 00 00 00 00 00 00 00 00
0x1BDFE0: 00 00 00 00 00 00 08 00 00 00 00 00 00 00 00 00
0x1BDFF0: 08 00 00 00 00 00 00 00 00 00 00 00 00 00 00 00
0x1BE000: 00 00 00 00 00 00 00 00 00 00 00 00 00 08 00 00
0x1BE010: 00 00 00 00 00 00 00 00 00 00 00 00 00 01 00 00
0x1BE020: 00 00 00 00 00 00 00 00 00 00 00 00 00 00 00 00
0x1BE030: 00 00 01 00 00 00 00 00 00 00 00 00 00 00 00 00
0x1BE040: 00 00 00 00 00 00 00 00 00 00 00 00 00 00 00 00
0x1BE050: 00 00 00 00 00 00 00 00 00 00 00 01 00 00 00 00
0x1BE060: 00 00 00 00 00 00 00 00 00 00 00 00 00 00 00 00
0x1BE070: 00 00 00 00 00 00 00 00 00 00 00 00 00 00 00 00
0x1BE080: 00 00 00 00 00 00 00 00 00 00 00 00 00 00 00 00
0x1BE090: 00 00 00 00 00 00 00 00 03 00 00 00 0E 36 00 26
0x1BE0A0: 00 00 00 00 00 00 00 00 00 00 00 00 00 00 00 00
0x1BE0B0: 00 00 00 00 00 00 00 00 00 00 00 00 00 00 00 00
0x1BE0C0: 00 00 00 00 00 00 00 00 00 00 00 00 00 00 00 00
0x1BE0D0: 00 00 00 00 00 00 00 00 00 00 00 00 00 00 00 00
0x1BE0E0: 00 00 00 00 00 00 00 00 00 00 00 00 00 00 00 00
0x1BE0F0: 00 00 00 00 00 00 00 00 00 00 00 00 00 00 00 00
0x1BE100: 00 00 00 00 00 00 00 00 00 00 00 00 00 00 00 00
0x1BE110: 00 00 00 00 00 00 00 00 00 00 00 00 00 00 00 00
0x1BE120: 00 00 00 00 00 00 00 00 00 00 00 00 04 FF FF 04
0x1BE130: 01 00 00 00 04 5C 10 80 06 00 03 00 04 5C 10 80
0x1BE140: 44 57 03 80 00 00 00 00 00 00 00 00 00 00 00 00
0x1BE150: 00 00 00 00 00 00 00 00 00 00 00 00 00 00 00 00
0x1BE160: 00 00 00 00 00 00 00 00 00 00 00 00 00 00 00 00
0x1BE170: 00 00 00 00 01 05 53 69 67 6E 01 01 0D 00 0D 00
0x1BE180: 20 4D 61 67 69 63 20 50 6F 69 6E 74 73 00 00 00
0x1BE190: 00 00 00 00 00 00 00 00 00 00 00 00 00 00 00 00
0x1BE1A0: 00 00 00 00 00 00 00 00 00 00 00 00 00 00 00 00
0x1BE1B0: 00 00 00 00 82 61 82 85 82 87 82 89 82 8E 0D 00
0x1BE1C0: 82 8F 81 40 82 94 82 88 82 89 82 93 81 40 82 93
0x1BE1D0: 82 88 82 8F 82 90 0D 00 82 8D 82 93 81 40 82 86
0x1BE1E0: 82 8F 82 92 0D 00 82 99 81 42 00 00 0D 00 0D 00
0x1BE1F0: 00 00 00 00 82 64 82 98 82 90 82 8C 82 81 82 89

=== MARKER 040 at frame 705439 ===
0x1BDF00: 00 00 00 00 00 00 00 00 00 00 00 00 00 00 00 00
0x1BDF10: 00 00 00 00 00 00 00 00 00 00 00 00 00 00 00 00
0x1BDF20: 00 00 00 00 00 00 00 00 00 00 00 00 00 00 00 00
0x1BDF30: 00 00 00 00 00 00 00 00 00 00 00 00 00 00 00 00
0x1BDF40: 00 00 00 00 00 00 00 00 00 00 00 00 00 00 00 00
0x1BDF50: 00 00 00 00 00 00 00 00 00 00 00 00 00 00 00 00
0x1BDF60: 00 00 00 00 00 00 00 00 00 00 00 00 00 00 00 00
0x1BDF70: 00 00 00 00 00 00 00 00 00 00 00 00 00 00 00 00
0x1BDF80: 00 00 00 00 00 00 00 00 00 00 00 00 00 00 00 00
0x1BDF90: 00 00 00 00 00 00 00 00 00 00 00 00 00 00 00 00
0x1BDFA0: 00 00 00 00 00 00 00 00 00 00 00 00 00 00 00 00
0x1BDFB0: 00 00 00 00 00 00 00 00 00 00 00 00 00 00 00 00
0x1BDFC0: 00 00 00 00 00 00 00 00 00 00 00 00 00 00 00 00
0x1BDFD0: 00 00 00 48 01 00 0C 00 00 00 00 00 00 00 00 00
0x1BDFE0: 00 00 00 00 00 00 08 00 00 00 00 00 00 00 00 00
0x1BDFF0: 08 00 00 00 00 00 00 00 00 00 00 00 00 00 00 00
0x1BE000: 00 00 00 00 00 00 00 00 00 00 00 00 00 08 00 00
0x1BE010: 00 00 00 00 00 00 00 00 00 00 00 00 00 01 00 00
0x1BE020: 00 00 00 00 00 00 00 00 00 00 00 00 00 00 00 00
0x1BE030: 00 00 01 00 00 00 00 00 00 00 00 00 00 00 00 00
0x1BE040: 00 00 00 00 00 00 00 00 00 00 00 00 00 01 01 01
0x1BE050: 01 00 00 00 00 00 00 00 00 00 00 01 00 00 00 00
0x1BE060: 00 00 00 00 00 00 00 00 00 00 00 00 00 00 00 00
0x1BE070: 00 00 00 00 00 00 00 00 00 00 00 00 00 00 00 00
0x1BE080: 00 00 00 00 00 00 00 00 00 00 00 00 00 00 00 00
0x1BE090: 00 00 00 00 00 00 00 00 03 00 00 00 0E 36 00 26
0x1BE0A0: 00 00 00 00 00 00 00 00 00 00 00 00 00 00 00 00
0x1BE0B0: 00 00 00 00 00 00 00 00 00 00 00 00 00 00 00 00
0x1BE0C0: 00 00 00 00 00 00 00 00 00 00 00 00 00 00 00 00
0x1BE0D0: 00 00 00 00 00 00 00 00 00 00 00 00 00 00 00 00
0x1BE0E0: 00 00 00 00 00 00 00 00 00 00 00 00 00 00 00 00
0x1BE0F0: 00 00 00 00 00 00 00 00 00 00 00 00 00 00 00 00
0x1BE100: 00 00 00 00 00 00 00 00 00 00 00 00 00 00 00 00
0x1BE110: 00 00 00 00 00 00 00 00 00 00 00 00 00 00 00 00
0x1BE120: 00 00 00 00 00 00 00 00 00 00 00 00 04 FF FF 04
0x1BE130: 01 00 00 00 04 5C 10 80 06 00 03 00 04 5C 10 80
0x1BE140: 44 57 03 80 00 00 00 00 00 00 00 00 00 00 00 00
0x1BE150: 00 00 00 00 00 00 00 00 00 00 00 00 00 00 00 00
0x1BE160: 00 00 00 00 00 00 00 00 00 00 00 00 00 00 00 00
0x1BE170: 00 00 00 00 01 05 53 69 67 6E 01 01 0D 00 0D 00
0x1BE180: 20 4D 61 67 69 63 20 50 6F 69 6E 74 73 00 00 00
0x1BE190: 00 00 00 00 00 00 00 00 00 00 00 00 00 00 00 00
0x1BE1A0: 00 00 00 00 00 00 00 00 00 00 00 00 00 00 00 00
0x1BE1B0: 00 00 00 00 82 61 82 85 82 87 82 89 82 8E 0D 00
0x1BE1C0: 82 8F 81 40 82 94 82 88 82 89 82 93 81 40 82 93
0x1BE1D0: 82 88 82 8F 82 90 0D 00 82 8D 82 93 81 40 82 86
0x1BE1E0: 82 8F 82 92 0D 00 82 99 81 42 00 00 0D 00 0D 00
0x1BE1F0: 00 00 00 00 82 64 82 98 82 90 82 8C 82 81 82 89

